2015-01-09 0.0070775191979593685 0.014191909203959255 0.059873164420340616 0.141595634496328 0.3063277010380808 0.3516100811492966 0.10639071660091373 0.01162603615350323 0.0012016531529568711 0.00010558458666148241
2015-01-13 0.016320360395389137 0.0214671900086814 0.07426283523106265 0.14474138480051216 0.27496572690798055 0.31362141724682324 0.1276634968944724 0.023739772540633305 0.0031055276045036015 0.00011228836994157652
2015-01-12 0.006080331435045368 0.013997499488836525 0.05973741280891871 0.14258109063850183 0.31021757128635546 0.3515447192623157 0.10445499917878655 0.010312094630604781 0.000998863708734024 7.541756190105886e-05
2015-01-08 0.0033518916400470606 0.010694210277570147 0.05014597488092405 0.12837242197634235 0.30423947254633155 0.37863973533463613 0.11366432145981585 0.009943386550199605 0.0008731677722322593 7.541756190105886e-05
2015-01-07 0.002679837366217625 0.00835961775027737 0.03952885811107498 0.10702087222924257 0.28532809991318603 0.40489007471366467 0.13794710044613678 0.013189693603585182 0.0009653447923335534 9.050107428127063e-05
2015-01-06 0.0004357459132061179 0.003925065110495108 0.025045334334431638 0.07895045568966846 0.24563667505756873 0.4301616617337995 0.1914248556172676 0.022905151522261587 0.0013977388138996243 0.00011731620740164713
2015-01-16 0.011171854836276853 0.023962673334696438 0.08550005195432042 0.16514602515929866 0.2960675607278968 0.298075343820285 0.10152712183120544 0.0162466187793081 0.0021720257827504952 0.00013072377396183536
2015-01-15 0.011837205326826195 0.023476649046889612 0.0812749925420411 0.15980646177670368 0.29444692111993404 0.30697796801625 0.10582089502210573 0.014800277536627797 0.0014781842132607537 8.044539936112946e-05
2015-01-14 0.011867372351586618 0.022335329943453587 0.07906274405961004 0.15427751651644606 0.28499626264082134 0.31162871766681527 0.11624862991429213 0.01767955245542822 0.0018318087812857185 7.206567026101181e-05
2015-01-20 0.02436322438568206 0.02376993956539373 0.07761305092528968 0.12607805214873014 0.19678453034970286 0.2412322894425469 0.16700297312788473 0.08902791790546995 0.04688626026097828 0.007241761888321674
2015-01-21 0.015696908550340383 0.021582830270263025 0.07463824709474792 0.11773184196501295 0.18787352642463775 0.25371305796426213 0.19449016052209064 0.09516858339003617 0.03588367595252381 0.0032211678660852253
2015-01-19 0.009645068194235417 0.024792266515608084 0.09214852902235376 0.17729495640864923 0.3064936196742632 0.288678315607413 0.08748437180522828 0.011952845588407817 0.00141952610955993 9.050107428127063e-05
2015-01-22 0.014032694351057019 0.022172763198911306 0.07712367474584282 0.12393451744492004 0.20021854333493108 0.26426481284713027 0.18818022450970204 0.08184649006666912 0.026190005329507708 0.002036274171328589
2015-01-23 0.012758975527839136 0.024081665487918107 0.0827347413512816 0.134829841220893 0.2171724112502891 0.2708579837031028 0.1724632046095214 0.06568366857836219 0.018158872959954952 0.0012586353108376713
2015-01-27 0.015723723683460762 0.02911117889380872 0.08835921552328056 0.14239338470665922 0.22704205618440768 0.2682485360613262 0.15993550960484548 0.05549726988425918 0.013020423075762807 0.0006687023821893886
2015-01-26 0.019053828027847514 0.02854470920664077 0.08564921113230252 0.14095709913889903 0.2262040832743959 0.2702697267202746 0.15911932399049403 0.05550062177589923 0.0138818592272549 0.0008195375059915064
2015-01-28 0.020401288467146433 0.03266753592389865 0.09597806522110754 0.15422053435856525 0.242593157448406 0.2647273738934568 0.13859233958684583 0.041910377121328425 0.008463526391118827 0.0004458015881262591
2015-01-29 0.02346994526360952 0.034775875765488254 0.09979754574494115 0.1604902476712733 0.25101310924820425 0.26420280285178943 0.126140062144071 0.03360606558311183 0.006165804671866568 0.0003385410556447531
2015-02-02 0.030986562266415052 0.03997968753666131 0.10829123916082041 0.17158333305400902 0.26148609467753126 0.25447058547491275 0.10566503206084353 0.02365597524963213 0.003650209996011249 0.00023128052316324717
2015-02-05 0.037443981510965715 0.04489020878933026 0.11540395322100028 0.17792511203697806 0.26305813185671334 0.246012086921254 0.09306862327754668 0.01923650612223008 0.0027921257361592016 0.00016927052782237656
2015-02-04 0.03268597132791891 0.042766785435360444 0.11500172622419462 0.1773653461330902 0.2625067456819256 0.2476360784208568 0.09721658918210492 0.021219150027317918 0.003358595423327155 0.0002430121439034119
2015-01-30 0.029263689963430862 0.038801497625184776 0.10621641823563129 0.16690409232450334 0.2542393049517495 0.25649010018804114 0.11520116377677743 0.027988295194392956 0.004627286409084967 0.00026815133120376483
2015-02-03 0.03914674246410962 0.044105866145559246 0.11375649847991715 0.17487656659035528 0.25894368486855557 0.2451925494152625 0.09770261346991174 0.02228337562303286 0.003749090799392637 0.0002430121439034119
2015-02-06 0.036775279128776324 0.045098026071013174 0.11740335658428834 0.1793362584174379 0.26464190065663556 0.24483054511813743 0.09090162533225626 0.018185688093075327 0.002647994395637178 0.00017932620274251773
2015-02-09 0.03773727202946983 0.04189696955476823 0.1087035218325462 0.16524323001686 0.2432836471262557 0.24624504339023728 0.11658549502411686 0.033783715840034326 0.006234518450487532 0.00028658673522402367
2015-02-11 0.038635578989002446 0.0473220061741844 0.12400323122354101 0.18440431857718903 0.26187826599941677 0.23507821639142049 0.08694974508864077 0.018597970764801117 0.002941284914141296 0.00018938187766265893
2015-02-12 0.035995964322465386 0.048459973385980376 0.12968803944506083 0.19316616332427206 0.2699931956599707 0.22850683283110823 0.07669295667009676 0.015048317517991279 0.0023111292858124482 0.0001374275572419295
2015-02-10 0.03983890808777934 0.04611364923794743 0.11919326672007348 0.17820834688056206 0.2567280844944845 0.23840664478998722 0.09530768689309813 0.022343709672553707 0.003641830266911131 0.00021787295660305895
2015-02-13 0.03531888221117588 0.0506336751145509 0.13618735733511206 0.2004196568333339 0.27376574970084366 0.22079580611317998 0.06830987567833907 0.012539426625416053 0.0019256617472070362 0.00010390864084145887
2015-02-16 0.03215637244879148 0.04898622037346777 0.13253044355582072 0.19553092287632526 0.2735093299903801 0.22757333100935512 0.07366787446495429 0.01384331247339436 0.002091580383389366 0.000110612424121553
2015-02-17 0.030978182537314932 0.048904099028286616 0.13347232510667395 0.1991878366556166 0.2778265664227607 0.22507952362916012 0.07034279795802761 0.012306470156432783 0.0018133733772654598 8.882512846124711e-05
2015-02-26 0.05024988352176551 0.06606243233368751 0.15536855724528137 0.20627038369103604 0.26382906693392416 0.19401586785502398 0.053869926493016335 0.0089529025705657 0.0013072377396183537 7.374161608103533e-05
2015-02-25 0.03590043541072404 0.05623971388252961 0.14565980310988505 0.20739494333627181 0.2743255156047315 0.20906083348137522 0.05973406091727867 0.010079138161621511 0.0015150550213012715 9.050107428127063e-05
2015-02-27 0.05087333536681426 0.06904896778496945 0.16058745252883463 0.20694243796486547 0.2543934919671917 0.18491548205229622 0.05780672322425161 0.012712049044878477 0.002522298459135413 0.00019776160676277657
2015-03-02 0.05279396927656123 0.07264722346055996 0.16760128578563313 0.21332946748497514 0.25693254988452735 0.17588716191982945 0.04953593060243548 0.009353453621551322 0.0017681228401248245 0.00015083512380211772
2015-03-03 0.04915381495547012 0.0733326853009496 0.165384009465742 0.20737818387807158 0.24930532045760026 0.1823579887309403 0.05796091023969377 0.012410378797274241 0.002532354134055554 0.00018435404020258832
2015-03-04 0.07655385316703482 0.07660413154163552 0.15996400068378588 0.19334213763537453 0.2312335966802865 0.17533409979922168 0.06606243233368751 0.017178444655241185 0.003470883793268731 0.00025641971046360014
2015-03-09 0.09782495751477346 0.0921937795594944 0.17862733333556793 0.1992800136757179 0.21975839565058541 0.15001055845866615 0.0488957192991865 0.011202021861037276 0.0020681171419090366 0.000139103503061953
2015-03-05 0.07174388866356729 0.07791974901035399 0.16314662179601058 0.19620968093343477 0.23295479303745067 0.1742313274496462 0.06380158142247577 0.01633041607030928 0.0034206054186680253 0.00024133619808338835
2015-03-06 0.0858838435471058 0.08737543532692675 0.17392965720204198 0.19999061470340787 0.2256141503457476 0.15909586074901372 0.053122454657285836 0.01234836880193337 0.0024753719761747544 0.00016424269036230597
2015-03-10 0.09224740982573515 0.09244517143249793 0.18044573455029345 0.2052564364699218 0.2258688941103912 0.14918264122357452 0.043909780484616495 0.008835586363164052 0.0016457787952631068 0.00016256674454228243
2015-03-11 0.09010387512192505 0.09519372257733652 0.18715286972202763 0.21223339891867976 0.22746104263941355 0.1426565082004029 0.037296498278803644 0.006532836806451721 0.0012603112566576947 0.00010893647830152947
2015-03-13 0.10742980300932832 0.10472147456417029 0.19339576790161528 0.20786756005751847 0.21558026272126674 0.13170420226654914 0.032734573756699595 0.005322803924394732 0.0011496988325361418 9.38529659213177e-05
2015-03-12 0.098575781242144 0.0994154300979758 0.1896868998019032 0.208263083271044 0.22156171335293073 0.1394303124968576 0.036161882958647716 0.005771957404161038 0.0010541699207948006 7.876945354110592e-05
2015-03-16 0.09533115013457845 0.10334217115429092 0.19736943544089106 0.21353560882083805 0.22222538789766005 0.13194218657299248 0.03063461364421011 0.004600471275964591 0.0009502612799533416 6.871377862096475e-05
2015-03-17 0.059742440646378785 0.08248167353245804 0.17576984571242782 0.20667763852530174 0.23591283740979221 0.16930404673877703 0.055983294172066 0.011795306681325606 0.0021820814576706364 0.00015083512380211772
2015-03-18 0.06564512182450166 0.08960276732173802 0.185399830394283 0.2123875859341219 0.23427879023526926 0.155769108296267 0.045724829807701976 0.009160719852248617 0.0018820871558864246 0.0001491591779820942
2015-03-19 0.05937876040343368 0.0870586815669423 0.18543670120232353 0.21463000144131342 0.2345586731872132 0.15717019900180668 0.04801081990621407 0.010806498647511723 0.0027284397949983072 0.000221224848243106
2015-03-20 0.07900241001008919 0.09875845933652656 0.19304214333359032 0.2116535216649516 0.22332816024723554 0.143517944351895 0.04066514937705094 0.008158504251874546 0.0017480114902845422 0.00012569593650176478
2015-03-25 0.10920127774109319 0.10814040403701829 0.19464937537499288 0.19904370531509458 0.20128444487646605 0.13242821086079928 0.043298060260307906 0.009976905466600076 0.001826780943825648 0.00015083512380211772
2015-03-23 0.08358779777367357 0.10400584569902024 0.20117048056070444 0.2148294389938962 0.2208326769212205 0.13389298750749987 0.03456973442962536 0.005832291453681885 0.001159754507456283 0.00011899215322167065
2015-03-26 0.12609481160693037 0.11622181478117176 0.2009609873332015 0.19847723562792663 0.19459909700039218 0.11961057722925933 0.03468369874538696 0.007365781879003415 0.0018217531063655773 0.00016424269036230597
2015-03-24 0.06847747026034143 0.09840986260596167 0.1992247074636571 0.2188802000408931 0.2257180589865891 0.1395007022212986 0.03914003868082953 0.008611009623280898 0.0018720314809662834 0.0001659186361823295
2015-03-27 0.1430067808767878 0.12182952949497049 0.20439835221006974 0.19396894137206333 0.18457694099665145 0.11039957900241001 0.0324932375586162 0.007421088091064192 0.0017798544608649892 0.00012569593650176478
2015-03-31 0.13293937433590647 0.12548811922008185 0.20759605683467464 0.19757054893929388 0.18692494109050442 0.10961188446699895 0.030708355260291146 0.007079195143779392 0.0018854390475264715 0.00019608566094275303
2015-03-30 0.13454995826894908 0.12318201777172948 0.20776867925413708 0.19896996369901354 0.18932824739641818 0.10962696797937917 0.029188272401529804 0.005932848202883297 0.0013491363851189419 0.00010390864084145887
2015-04-01 0.13109750987970062 0.12589537405434756 0.20797649653581998 0.1964962676686588 0.18660651138469997 0.11095599301465782 0.032474802154595944 0.006886461374476686 0.001516730967121295 9.38529659213177e-05
2015-04-03 0.10131595265788247 0.1186184173038054 0.20987031531244657 0.20766141872165556 0.20023865468477134 0.1193809726519161 0.0336680755784527 0.007338966745883039 0.0017731506775848951 0.00013407566560188241
2015-04-02 0.10387847381669846 0.11528831295941865 0.2057558683242888 0.20471343002423417 0.20163471755285095 0.12354569801467458 0.03592725054384442 0.007506561327885392 0.001623991499602801 0.00012569593650176478
2015-04-07 0.09842494611834189 0.12089602767321737 0.2140534760792253 0.20872229242573045 0.19837835482454524 0.117165372277845 0.03299937319626331 0.007322207287682804 0.0018988466140866598 0.000139103503061953
2015-04-08 0.08882177656960706 0.11667934799003818 0.2123289278304211 0.209972548007468 0.2035469717334978 0.12205745812649368 0.03628590294932946 0.008232245867955582 0.0019290136388470833 0.00014580728634204713
2015-04-10 0.14180345177801093 0.11602405317440898 0.19127569643928552 0.1808613691136593 0.17969826271456296 0.1258400678422868 0.04885549659950593 0.013048914154703207 0.0024803998136348248 0.00011228836994157652
2015-04-13 0.11328723365031056 0.10732924626012691 0.18711767485980713 0.18654952922681917 0.19513372371697968 0.14146323477654615 0.053888361897036594 0.012670150399377888 0.002389898739353554 0.0001709464736424001
2015-04-09 0.11883461431458844 0.11832680273112131 0.20060065898189644 0.19361364085821833 0.18834279125424433 0.12356580936451486 0.043727102390233925 0.010910407288353182 0.001959180663607507 0.00011899215322167065
2015-04-14 0.1029634073989656 0.10725885653568591 0.1932901833149538 0.19499629615973774 0.20095093165828135 0.13946383141325808 0.0480124958520341 0.010903703505073088 0.0020329222796885422 0.0001273718823217883
2015-04-15 0.12102507550135919 0.11826311678996042 0.20088389382548041 0.19519070587486048 0.1920734466496167 0.1235892726059952 0.03917858543469007 0.00814174479367431 0.0015603055584419068 9.38529659213177e-05
2015-04-16 0.10851413995488354 0.09763892752875085 0.17330620535699323 0.17492516901913596 0.18451828289295064 0.1440022926938818 0.07418574172334157 0.032265308927093006 0.01013109248204224 0.0005128394209272003
2015-04-17 0.09637191248881306 0.09765903887859113 0.17737540180801034 0.18166079526981052 0.198076684576941 0.1560121204401704 0.06932885073691337 0.019878393371299093 0.0034759116307288016 0.00016089079872225892
2015-04-21 0.1085040842799634 0.09966011818769922 0.18111443693248286 0.1845869966715716 0.1953281334321024 0.1469871521993437 0.06225635937641408 0.018108594585354243 0.003303289211266378 0.00015083512380211772
2015-04-20 0.09611549277834947 0.10236844663285725 0.18612048709689313 0.19042599190853357 0.20468493894529377 0.15181890399847153 0.05492409641381114 0.0116310639909633 0.0018066695939853656 0.00010390864084145887
2015-04-22 0.08897763953086925 0.08878322981574652 0.1665823107270588 0.17750947747361223 0.20125762974334566 0.16830015519258293 0.07894207596056835 0.02470511733296686 0.00473287099574645 0.00020949322750294129
2015-04-23 0.0731332477483668 0.08603635461672796 0.1691029332403742 0.1872148797173685 0.21759642554275505 0.176210619463094 0.07113384438507872 0.016806384683195962 0.0026345868290769897 0.00013072377396183536
2015-04-24 0.08341014751675108 0.09585069333878575 0.18211330064121686 0.19640409064855752 0.21816457117574303 0.15745343384539065 0.05293642467126323 0.011367940497219606 0.0021602941620103306 0.000139103503061953
2015-04-27 0.096581405716316 0.10197962720261179 0.18972041871830367 0.19816886159704228 0.2117591062516131 0.14490227559923444 0.04547846577215852 0.009651771977515511 0.001659186361823295 9.888080338138829e-05
2015-04-28 0.09369375106841546 0.10596837825426779 0.19586108420286988 0.20455924300879202 0.21403336472938503 0.1382186036689806 0.03917355759723 0.007094278656159604 0.0012888023355980948 0.00010893647830152947
2015-04-30 0.09191054471591042 0.08516821468195576 0.15705958657768512 0.17400675070976304 0.2048357740690959 0.17581677219538847 0.08245821029097772 0.024400095193722576 0.004223383466459296 0.00012066809904169418
2015-04-29 0.10077462215801487 0.08697320833012111 0.16008299283700755 0.17164869494098994 0.1923717650055809 0.16042153389265232 0.08383416180921703 0.03432672228572195 0.009210998226849322 0.00035530051384498844
2015-05-04 0.08867932117490505 0.08941003355243532 0.16887332866303098 0.18500430718075747 0.21419760741974733 0.17020738153576973 0.066097627195908 0.01525781074549422 0.00218375740349066 8.882512846124711e-05
2015-05-05 0.09227590090467555 0.09490378395047244 0.17690446103258373 0.19337900844341505 0.21631097509879701 0.15805174650313905 0.05407606782887923 0.011791954789685559 0.0021737017285705187 0.0001323997197818589
2015-05-06 0.06226641505133422 0.07258856535685915 0.14910051987839337 0.1733196129235534 0.21022896771793162 0.18041389157971302 0.09532444635129836 0.0417880330764667 0.014171797854118972 0.0007977502103312004
2015-05-07 0.060714489221992435 0.07533208866423766 0.15605569503149103 0.18370880106187928 0.22055279396927657 0.1812401328689846 0.08516653873613574 0.029925688562340156 0.007038972444098827 0.0002647994395637178
2015-05-08 0.05907541421000942 0.07350865961205207 0.15647132959485685 0.18315238704963147 0.2168154347906241 0.1792323497765964 0.08805251743821625 0.03390605988489604 0.009393676321231887 0.00039217132188550607
2015-05-11 0.04310197459936515 0.060620636256071114 0.14005376434190636 0.17466036957957223 0.22105222582364356 0.2026151458575647 0.10844207428462253 0.040125494823003365 0.008993125270246264 0.00033518916400470603
2015-05-12 0.03165694059442446 0.05188393069628845 0.12959921431659957 0.17294252511404812 0.23209000499431853 0.2199997318486688 0.11615812884001087 0.038233351992196796 0.0072166227010213215 0.00021954890242308246
2015-05-13 0.03264407268241832 0.055105098562373674 0.14023979432792896 0.18836290260408461 0.24588639098475223 0.21516965599536098 0.09479149558053088 0.024100100891938366 0.0035798202715702607 0.00012066809904169418
2015-05-14 0.0441025142539192 0.06555294480440037 0.15483057863705382 0.19825936267132357 0.24642269364715977 0.19822584375492308 0.07407680524504004 0.016094107709685963 0.0023111292858124482 0.00012401999068174124
2015-05-15 0.05210180365289151 0.07486617572627112 0.1682917754634828 0.2063541809820372 0.24409312895732707 0.1812535404355448 0.06009606521440375 0.011222133210877559 0.001637399066162989 8.379729100117651e-05
2015-05-19 0.0679629548935942 0.08671511267383748 0.1818166582310727 0.20849101190256722 0.23055986646063706 0.1602790784979503 0.051835328267507766 0.010556782720328218 0.001684325549123648 9.888080338138829e-05
2015-05-18 0.0646445821699476 0.0798923372405217 0.17219002544085754 0.20220621507747896 0.2294084916822809 0.17017386261936923 0.06359879197825292 0.015380154790355937 0.0023865468477135073 0.00011899215322167065
2015-05-20 0.05629837198623043 0.08128672416278127 0.17652904916889847 0.20397768980924386 0.23121348533044625 0.1710336228250413 0.0622010531643533 0.014793573753347701 0.002505539000935178 0.00016089079872225892
2015-05-21 0.05347775517113083 0.08423974069766273 0.1860199303476917 0.21574450541162904 0.23817368832100397 0.1621242948457962 0.0495795051937561 0.009130552827488193 0.0014077944888197655 0.00010223269502143535
2015-05-22 0.046406939756451555 0.07958061131799732 0.17978876378884423 0.20909100050613563 0.2349558723465588 0.17074200825235722 0.06058711733967064 0.015577916397118714 0.003040165717522684 0.00022960457734322364
2015-05-26 0.04388966913477621 0.07466003439040823 0.1709045749968995 0.20355870335423795 0.2328207173718488 0.17742065234515098 0.07172210136790698 0.020401288467146433 0.004365838861161296 0.00025641971046360014
2015-05-25 0.0556481050080613 0.0847291168771096 0.18187196444313347 0.20632066206563673 0.22815823610054334 0.16312483450035029 0.060198297909425186 0.016196340404707396 0.0034993748722091313 0.00025306781882355306
2015-05-27 0.0342161098616004 0.0701064895974043 0.1691733229648152 0.20903066645661478 0.2451925494152625 0.18508810447175864 0.06782720328217229 0.016189636621427302 0.0030083227469422367 0.00016759458200235302
2015-05-28 0.06193290183314954 0.08862401496284428 0.185969651973091 0.20873569999229066 0.2260549240964138 0.15648976499887712 0.05421014349448111 0.01452207053050389 0.003258038674125743 0.00020278944422284716
2015-05-29 0.04990966652030073 0.05079456591327316 0.11524473836809804 0.1476709380939133 0.2030207247460104 0.20256821937460406 0.12081223038221621 0.06727581710738455 0.03746409286080599 0.0052390066333935555
2015-06-01 0.04971022896771793 0.0551352655871341 0.1254914711117219 0.16148575948836727 0.2183908238614462 0.21328589289365454 0.11525479404301818 0.04633822597783059 0.014139954883538525 0.0007675831855707769
2015-06-02 0.03607808566764654 0.04856388202682184 0.11182245700360999 0.14732401730916844 0.21412051391202624 0.22988948813262766 0.13633651651309417 0.05822068184179742 0.01679632900827582 0.0008480285849319063
2015-06-03 0.0360898172883867 0.05081300131729342 0.1158195877843661 0.154131709230104 0.22280191325974813 0.23404080592882592 0.1287260465443673 0.046691850545855555 0.010494772724987347 0.00039049537606548255
2015-06-04 0.05063535106037092 0.05887765260324664 0.12753780095797063 0.1660108132024308 0.22984591354130704 0.22525884983190264 0.10614770445701031 0.03026758150962496 0.005197107987892967 0.000221224848243106
2015-06-05 0.06083683326685415 0.06538199833075796 0.1399062811097443 0.17867425981852858 0.23842843208564754 0.20985523180006638 0.0830984215942267 0.020185091456363397 0.0034071978521078372 0.0002262526857031766
2015-06-08 0.056248093611629725 0.067307660077965 0.14335705355317274 0.18290434706826797 0.24305236660309246 0.20674802824974275 0.07800689819299522 0.01867674021834222 0.0034658559558086604 0.0002329564689832707
2015-06-09 0.07530024569365722 0.07360921636125348 0.15435628596998716 0.18764727373893456 0.23646925142204003 0.18901652147389378 0.06656521607969458 0.01442654161876255 0.0023781671186133896 0.00023128052316324717
2015-06-10 0.07747394742222774 0.07720244419938392 0.16278629344470552 0.19700743114376598 0.23914406095079757 0.1784547109161055 0.05571179094922219 0.010484717050067205 0.0015921485290223537 0.00014245539470200008
2015-06-11 0.06663392985831554 0.07773874686179146 0.16811412520656033 0.20609943721739363 0.2475841241004361 0.1753759984447223 0.04905158226044869 0.008069679123413298 0.00122008855697713 0.00011228836994157652
2015-06-12 0.06272562420602067 0.0808191352789947 0.175570408159845 0.21151441816188965 0.24605901340421465 0.16746218228257118 0.04663486838797475 0.00785683400427031 0.0012502555817375536 0.00010726053248150594
2015-06-15 0.06551104615889977 0.08312858861898713 0.17991781161698606 0.21402163310864486 0.243660734935761 0.16154776948370814 0.04389469697223628 0.007117741897639933 0.0011078001870355534 9.217702010129416e-05
2015-06-16 0.07901581757664938 0.08574138815240381 0.1787178344098492 0.20905580564391515 0.23615920144533567 0.15751209194909147 0.044603622054106236 0.007912140216331087 0.0011983012613168242 8.379729100117651e-05
2015-06-17 0.06480547296866987 0.06944951883595507 0.15211889830025574 0.18417136210820576 0.22432869990178958 0.18570652847934732 0.08363304831081421 0.028144158155655144 0.007354050258263251 0.00028826268104404723
2015-06-18 0.06346974415011111 0.07045676227378922 0.153917188165141 0.18602998602261187 0.2301777508136717 0.19265332390334486 0.07981691967862063 0.020089562544622058 0.003279825969786049 0.00010893647830152947
2015-06-23 0.01290310686836116 0.03125638954343884 0.09133066746218228 0.1309265634060582 0.20497655351797786 0.24069431083431936 0.16159972380412885 0.08612853163682925 0.03738699935308491 0.002797153573619272
2015-06-19 0.04862421607634269 0.06111001243551799 0.1405045937674927 0.17852342469472646 0.23344416921689756 0.20948317182802115 0.09502445204951414 0.027839136016410863 0.005262469874873885 0.00018435404020258832
2015-06-24 0.016880126299276998 0.03633953321557021 0.10199303476917199 0.14673911221798022 0.22397842722540465 0.2516851635220337 0.15062227868297473 0.0580413556390549 0.013203101170145372 0.0005178672583872709
2015-06-25 0.014642738629545585 0.034068626629438326 0.10078300188711499 0.14957481254546004 0.23463911858657432 0.26300282564465255 0.1469435776080231 0.047737640737550234 0.008334478562977017 0.0002731791686638354
2015-06-26 0.013715940591072572 0.030963099024934722 0.09593951846724699 0.1422710406617975 0.2223577876174419 0.25316502368111443 0.1584841405247051 0.0666808563412762 0.015892994211283137 0.0005295988791274356
2015-06-29 0.008812123121683722 0.017567264085486645 0.057107853817301796 0.08647880431321417 0.16036790362641157 0.2451070761784413 0.21241104917560225 0.1390029463127516 0.06842048810246062 0.004724491266646332
2015-06-30 0.013144443066444548 0.02164316431978387 0.06428425381864256 0.0887597665742662 0.15303228877216857 0.234188289160988 0.20981668504620582 0.1397990205772628 0.07023218553390606 0.0050999031303316025
2015-07-01 0.013508123309389655 0.022471081554875493 0.06382672060977612 0.0862743389231713 0.1473491564964688 0.23571507580302944 0.22091647421222166 0.1428425381864255 0.06325689903096812 0.003839591873673908
2015-07-02 0.00978417169729737 0.019214718826569773 0.057607285671668805 0.07756612444232903 0.13491028662025414 0.22282872839286852 0.22163545496901177 0.15946121693777884 0.08855697713004335 0.008435035312178428
2015-07-03 0.007967446428391863 0.018525905094540104 0.054800076423129396 0.07422093658556206 0.13172598956220943 0.21879137491243184 0.22831409906180553 0.16790128008741734 0.08956086867623743 0.008192023168275017
2015-07-06 0.004525053714063532 0.01497792779355029 0.05087668725845431 0.06997744176926249 0.12604788512396972 0.2121144067654581 0.2287883917288722 0.17756143179403297 0.10409969866494156 0.011031075387394876
2015-07-07 0.013818173286094007 0.020185091456363397 0.060897167316375 0.0840168399035996 0.145512319877723 0.22258571624896512 0.21536741760212375 0.14823237994362118 0.080911312299096 0.00847358206603897
2015-07-09 0.007684211584807886 0.017449947878084997 0.05574363391980264 0.0805912066474715 0.1451000372059972 0.22967496706766463 0.22193544927079598 0.14733407298408857 0.08258893406493954 0.01189753937634704
2015-07-08 0.014726535920546761 0.0174717351737453 0.05403416918337864 0.07511086381599455 0.13093494313515833 0.21229373296820062 0.2193662243286999 0.16515775678003883 0.09901487904699018 0.011889159647246924
2015-07-10 0.004754658291406756 0.018892937229125255 0.05966367119283768 0.0848648684885315 0.15021502384870902 0.23023640891737251 0.21139207411702796 0.13924428251083498 0.08656260160421533 0.014173473799938996
2015-07-13 0.003641830266911131 0.01811529836863434 0.05896647773170789 0.08847317983904217 0.15786906840875647 0.23404918565792604 0.20737650793225157 0.13385611669945935 0.08430510258464365 0.013347232510667394
2015-07-14 0.009958470062579817 0.020289000097204857 0.05676260897837695 0.08016216451754547 0.1388035087601688 0.2272498734660906 0.2201924656179715 0.14153530044680715 0.090313368349428 0.014733239703826855
2015-07-15 0.02188952835532733 0.02632408099510959 0.06730263224050492 0.09315409651436789 0.1560892139478915 0.23096712129490277 0.2042676284361079 0.1237099407050369 0.06815401271707688 0.00814174479367431
2015-07-16 0.0261112358759666 0.026037494259885566 0.06628533312775065 0.08667824186579696 0.1383979298717231 0.2098569077458864 0.2056620153583675 0.1388755744304298 0.08780782934849282 0.014287438115700596
2015-07-17 0.01803485296927321 0.027252554979402627 0.07034447390384764 0.09500434069967387 0.15397081843138175 0.22656441162570096 0.2030475398791308 0.1258199564924465 0.07123104924264008 0.00873000177650257
2015-07-20 0.007080871089599415 0.021266076510278575 0.061592684831684764 0.08579334247282454 0.14840835425472365 0.23574524282778986 0.22228739789300092 0.13687114322968166 0.07287682803790319 0.008078058852513417
2015-07-21 0.009814338722057793 0.02107837057843594 0.06273735582676083 0.09531774256801825 0.16568903160498627 0.24662883498302268 0.21267249672352592 0.12396971230714053 0.057541923784687886 0.004550192901363884
2015-07-22 0.014984631576830384 0.020920831671353727 0.06258987259459876 0.1008332802617157 0.1792943597719373 0.2582045927619252 0.20743013819849232 0.11105990165549928 0.042243890339513104 0.0024385011681342366
2015-07-23 0.016975655211018337 0.023290619060867 0.06641605690171248 0.10789571594729486 0.19114832455696373 0.26620220621507745 0.20011631063990964 0.09639369978447336 0.030270933401265004 0.0012904782814181183
2015-07-24 0.012536074733776006 0.019722530410036906 0.06016645493884474 0.09995173276038333 0.18617244141731387 0.2798293216776888 0.2149702184427782 0.09759702888325027 0.027849191691331 0.0012050050445969183
2015-07-27 0.016538233351992195 0.022129188607590694 0.06411330734500015 0.10443153593730622 0.18913216173547542 0.27703384404988957 0.21062281498563715 0.09088654181987604 0.024135295754158858 0.0009770764130737181
2015-07-28 0.009388648483771817 0.012103680712209935 0.04088805017111407 0.06167983401432599 0.11360566335611502 0.20679160284106335 0.2437830789806227 0.19614934688391394 0.10534492640921904 0.010265168147644122
2015-07-29 0.010174667073362852 0.015606407476059113 0.04921079711335092 0.07810745494219663 0.14164088503346864 0.23340059462557694 0.23921109878359853 0.15867017051072774 0.06838529324024013 0.005592631201418521
2015-07-30 0.007655720505867486 0.01551423045595782 0.047233181045723154 0.07064446820563185 0.13130867905302357 0.22368010886944048 0.24161272914369225 0.17207103328763587 0.0827062502723412 0.0075735991606863335
2015-07-31 0.005306044466194497 0.014706424570706478 0.047730936954270144 0.07555498945830079 0.1426766195502432 0.241309382950268 0.24587130747237204 0.15694562226192352 0.06478536161882958 0.005113310696891791
2015-08-03 0.007672479964067722 0.017790164879549774 0.05483191939370984 0.08807430473387656 0.16191815350993333 0.2539091436252049 0.2326279836025461 0.13274999245824382 0.04767898263384941 0.002746875199018566
2015-08-04 0.025610128075779566 0.02669949285879486 0.06626522177791036 0.0952926033807179 0.16000422338346645 0.23309389654051263 0.21013846664365035 0.12762997797807193 0.051954320420729436 0.003311668940366496
2015-08-05 0.006432280057250309 0.019199635314189563 0.054610694545466736 0.08208112248147242 0.14708435705690506 0.22415775342814717 0.2181695990132031 0.1574500819537506 0.08285708539614331 0.007957390753471722
2015-08-06 0.005954635498543603 0.015864503132342736 0.05334367950552894 0.08831564093195995 0.16137011922678562 0.24477356296025662 0.2227851538015479 0.1418151833987511 0.061202189455619276 0.004575332088664238
2015-08-07 0.00618088818424678 0.01661197496807323 0.056747525465996734 0.09870482907028581 0.1789021884500518 0.25740851849741403 0.21600595295955272 0.12242784215271889 0.0445231766547451 0.002487103596914919
2015-08-10 0.0032781500239660254 0.01321148089924549 0.049616376001796615 0.09331666325891017 0.1796077616402817 0.2688451727732546 0.22499740228397896 0.12320715695902983 0.04183328361360734 0.002086552545929295
2015-08-11 0.0018150493230854833 0.010372428680125629 0.038350668199598446 0.07134836545004174 0.15253788475526164 0.2640016893533866 0.25415383171492834 0.15007592034564707 0.054397849426323745 0.002946312751601366
2015-08-12 0.0034273092019481196 0.012867912006140665 0.04734546941566473 0.0899781791854233 0.1801071934946487 0.2786913544658928 0.23192911419559628 0.11901896835479103 0.03524011275763477 0.0013943869222595771
2015-08-13 0.007417736199424145 0.01648795497739149 0.05647267035151288 0.10229973285423628 0.19681972521192334 0.28439794998307294 0.21481267953569597 0.09671045354445781 0.02388390388115533 0.0006971934611297886
2015-08-14 0.004401033723381791 0.015355015603055584 0.055488890155159065 0.10223101907561533 0.1973208330121104 0.2887218901987337 0.21702660396394705 0.09565628362366302 0.023099561237384318 0.0006988694069498121
2015-08-17 0.00929982335531057 0.019675603927076245 0.06555294480440037 0.1167949882516198 0.21587522918559088 0.28952466824652495 0.1939806729928035 0.07387904363827726 0.015051669409631326 0.0003653561887651296
2015-08-18 0.012197533678131253 0.022693982348938622 0.07157629408156493 0.12395965663222039 0.2176550836464559 0.2793851960353826 0.18681432866638287 0.07016849959274517 0.015008094818310714 0.0005413304998676002
2015-08-19 0.023560446337890787 0.012551158246156218 0.03781268959137089 0.05085992780025407 0.09775959562779254 0.18957125954032158 0.24147697753227035 0.20958372857722254 0.12298090427332665 0.01384331247339436
2015-08-20 0.013717616536892595 0.013896942739635113 0.04039699804584718 0.05856592668072227 0.11044650548537067 0.21157810410305056 0.25930568916568064 0.19854427346072756 0.0876704017912509 0.00587754199082252
2015-08-21 0.010124388698762147 0.01206345801252937 0.039984715374121384 0.06079996245881363 0.11407995602318169 0.21948186459028152 0.26360616613986104 0.1939186629974626 0.08097164634861684 0.004969179356369768
2015-08-24 0.006849590566436168 0.009671883327355793 0.036287578895149476 0.05972065335071848 0.11162972323430728 0.2174070436650924 0.26674688860658513 0.2016162821488307 0.08512966792809522 0.004940688277429367
2015-08-25 0.0046825926211457435 0.0072048910802811564 0.028905037557945826 0.04318744783618635 0.07752422579682844 0.1643013484660068 0.2510902027559253 0.2552633078477839 0.15415517247158433 0.013685773566312148
2015-08-26 0.003921713218855061 0.00623787034212758 0.02686038365751712 0.04107240421131666 0.0737684312141557 0.15327865280771202 0.23590278173487209 0.25884145217353416 0.1806401442654162 0.019476166374493446
2015-08-27 0.006698755442634051 0.00916239579806864 0.03239603270105484 0.05221074013119304 0.09345576676197212 0.1797518929808037 0.24672268794894398 0.23110790074378476 0.13626612678865319 0.012227700702891676
2015-08-28 0.004442932368882379 0.008580842598520474 0.034400463901802986 0.05486879020175036 0.09930481767385424 0.1872366670130288 0.245083612936961 0.22448288691723173 0.13040869614767095 0.011190290240297112
2015-08-31 0.0034809394681888724 0.007620525643646992 0.03020221962264404 0.048051042605894635 0.09130720422070196 0.1807189137189573 0.24963045394668482 0.23491564964687822 0.1415889307130479 0.012484120413355277
2015-09-01 0.008500397199159345 0.011565702103982382 0.036252384032928985 0.05669724709139603 0.10587955312580655 0.19199132530443555 0.23956807524326354 0.21577299649056944 0.12368647746355656 0.010085841944901605
2015-09-02 0.011555646429062242 0.013345556564847372 0.03947020000737416 0.05924300879201177 0.10469298348522989 0.18515346635873955 0.2300989813601306 0.21223842675613983 0.1317812957742702 0.012420434472194384
2015-09-07 0.014719832137266667 0.015140494538092573 0.04306845568296468 0.06699593415544063 0.12124462440378228 0.2037179182071402 0.23224586795558072 0.18997348653712723 0.1042522097345637 0.008641176648041322
2015-09-08 0.016746050633675114 0.017775081367169564 0.04836779636587908 0.07494662112563225 0.13391309885734015 0.21302109345409082 0.22486165067255706 0.17352240236777625 0.08996141972722306 0.006884785428656662
2015-09-09 0.0069116005617770385 0.011599221020382853 0.04105564475311642 0.06894673508994802 0.13008691455022642 0.22017570615977128 0.2347162120942954 0.1816306282450501 0.09706407811248279 0.007813259412949698
2015-09-10 0.004677564783685673 0.009913219525439181 0.03733839692430423 0.06794954732703401 0.13662645513995825 0.23114812344346533 0.23921445067523858 0.17798712203231895 0.08884356386526736 0.006301556283288474
2015-09-11 0.005818883887121697 0.0116025729120229 0.039111547601889125 0.07062770874743161 0.141593958550508 0.23565809364514864 0.24008929439329085 0.17078055500621775 0.07951692537683641 0.005200459879533014
2015-09-14 0.005341239328414991 0.012142227466070478 0.042652821119598845 0.07989904102380178 0.15772493706823446 0.24477021106861657 0.2316458793520123 0.1555059848025233 0.06661549445429528 0.0037021643164319783
2015-09-15 0.018686795893262362 0.014614247550605183 0.037474148535726136 0.052844247651161934 0.09316080029764798 0.16558847485578487 0.2169444826187659 0.21505233978795935 0.16220474024515735 0.023429722563928952
2015-09-16 0.012829365252280124 0.012447249605314759 0.03415074797461948 0.05139120262520153 0.09868639366626555 0.18242670250956128 0.23025149242975274 0.21276802563526725 0.14551734771518307 0.019531472586554223
2015-09-17 0.00501778178515045 0.009222729847589487 0.029069280248308134 0.03989253835402009 0.07600581888388712 0.15740985925407003 0.2279269555773801 0.23643238061399952 0.18727521376688935 0.03174744166870573
2015-09-18 0.004079252125937273 0.008766872584543088 0.02903073349444759 0.044313683427242165 0.08741565802660732 0.17912006140665485 0.23873680611653186 0.22280191325974813 0.16096956817580002 0.024765451382487706
2015-09-21 0.004032325642976614 0.009353453621551322 0.031472586554221874 0.05085825185443405 0.10253101337739953 0.19600856743503195 0.23720331569121034 0.20835190839950526 0.1414598828849061 0.01872869453876295
2015-09-22 0.002879274918800425 0.008756816909622945 0.030131829898203052 0.05123366371811932 0.10714824411156436 0.20635753287367725 0.24219595828906043 0.2045508632796919 0.13146454201428576 0.015281273986974549
2015-09-23 0.003217815974445178 0.009428871183452382 0.03429990715260157 0.06105638216927723 0.12495516844931437 0.21906287813527564 0.23695359976402683 0.19067738378153712 0.1098716560691026 0.010476337320967088
2015-09-24 0.006420548436510145 0.010670747036089816 0.03541776301455726 0.06294014527098368 0.12901095733377133 0.22676720106992382 0.24155071914835138 0.1816306282450501 0.09698028082148161 0.008611009623280898
2015-09-25 0.003980371322555885 0.010615440824029041 0.0375780571765676 0.0689383553608479 0.13973365869028187 0.23440448617177104 0.23846362694786802 0.17264085486644387 0.08684918833943936 0.006795960300195416
2015-09-28 0.01466452592520589 0.012891375247620995 0.03730487800790376 0.06118040215995897 0.11991057153104355 0.2147506695403551 0.2449579170004592 0.18714616593874753 0.09860259637526438 0.008590898273440617
2015-09-30 0.009264628493090076 0.012764003365299207 0.03927914218389148 0.06781714760725216 0.13322093323367043 0.22970681003824509 0.24197473344081732 0.17292408971002785 0.08644025755935363 0.00660825436835278
2015-09-29 0.011262355910558124 0.013850016256674454 0.041583567686423836 0.06857132322626275 0.1320025206225133 0.22418289261544752 0.23716309299152977 0.17483969578231476 0.0893295881530742 0.007214946755201298
2015-10-08 0.007997613453152287 0.01352488276758989 0.04349582186707068 0.0766594377536963 0.1506323343578949 0.24117195539302605 0.23086321265406132 0.15708304981916543 0.07362765176527374 0.004944040169069414
2015-10-09 0.0035664127050100726 0.009943386550199605 0.0346652633413667 0.061594360777504784 0.13077070044479602 0.2420803180274788 0.2550286754329806 0.17479612119099414 0.08183475844592895 0.0057200030837403085
2015-10-12 0.0038848424108145433 0.011341125364099229 0.04116290528559793 0.0750572335497538 0.153704343045998 0.2523287267169227 0.23810832643402305 0.15465460432595135 0.06598869071760648 0.0037692021492329196
2015-10-13 0.003157481924924331 0.008101522093993745 0.03175749734362587 0.058852513415946286 0.12986736564780335 0.24107475053546468 0.2594095978065221 0.17959603001954152 0.08228726381733531 0.005895977394842779
2015-10-14 0.0037943413365332727 0.010456225971126805 0.03940986595785331 0.07470193303590882 0.15708975360244554 0.26067326095481985 0.23934685039502043 0.1489798517793517 0.061835696975588175 0.0037122199913521194
2015-10-15 0.008776928259463228 0.013280194677866454 0.04425167343190129 0.07878286110766611 0.16180586513999176 0.2646620120064759 0.2374513556725738 0.13755157723261122 0.050826408883853605 0.00261112358759666
2015-10-16 0.004132882392178025 0.01018304680246297 0.0368372891241172 0.06806015975115556 0.14862287531968665 0.2668457694099665 0.2532404412430155 0.15079992893989724 0.05791901159419318 0.003358595423327155
2015-10-19 0.0049121971984889675 0.012963440917882006 0.04489188473515028 0.08325931239294897 0.17277828242368581 0.2738914456373454 0.2323799436211826 0.12785455471795507 0.04487177338531 0.0021971649700508484
2015-10-20 0.013223212519985653 0.020434807383546905 0.05838157264051968 0.098361260177181 0.18595624440653083 0.27126691448318857 0.2124211048505224 0.10591474798802704 0.03278987996876037 0.0012502555817375536
2015-10-21 0.011297550772778617 0.021269428401918623 0.06309600823224587 0.10631865093065271 0.19582421339482936 0.273363522704038 0.20387042927676233 0.09633336573495252 0.02768327305514867 0.0009435574966732476
2015-10-22 0.02860839514780166 0.014595812146584924 0.04505109958805252 0.06279266203882161 0.09829925018184012 0.1577349927431546 0.20238051344276142 0.20224140993969947 0.16076677873157716 0.027529086039706507
2015-10-23 0.018790704534103822 0.016566724430932597 0.047072290247000895 0.06296528445828403 0.09932660496951455 0.1660627675228515 0.21709028990510795 0.2088613959287924 0.14401402431462196 0.01924991368879027
2015-10-26 0.014699720787426384 0.017295760862642832 0.04954263438571558 0.07157964597320497 0.11590338507536728 0.18891261283305233 0.22418959639872763 0.19159747803673002 0.11337270688713175 0.012906458760001207
2015-10-27 0.014223752174539701 0.01929851611757095 0.055400065026697816 0.08286714107106345 0.1329846248730471 0.2068586406738643 0.2218583557630749 0.16936438078829788 0.08822346391185866 0.008921059599985251
2015-10-28 0.01412822326279836 0.02085044194691274 0.061344644850321275 0.0931842635391283 0.15144851997224634 0.224715843386215 0.21560205001692706 0.14469110642591146 0.06789591706079326 0.006138989538746192
2015-10-29 0.01562316693425935 0.019427563945712763 0.05752348838066763 0.09109268315573894 0.15768806626019394 0.23754520863849513 0.22063491531445772 0.13761526317377212 0.05825587670401791 0.004593767492684497
2015-10-30 0.01350644736356963 0.019901856612779423 0.05978266334605935 0.09848863205950278 0.17081574986843825 0.24675285497370442 0.2129842226460503 0.12450769091536809 0.04971022896771793 0.003549653246809837
2015-11-02 0.013997499488836525 0.02179399944358599 0.06485910323491062 0.10658680226185648 0.1846020801839518 0.2526924069598678 0.20215928859451832 0.10955657825493817 0.04114949771903774 0.0026027438584965423
