000001 0.7777777777777778
000002 0.6666666666666666
000006 0.5
000009 0.125
000012 0.6
000019 0.5
000021 0.4166666666666667
000027 0.5714285714285714
000028 0.3333333333333333
000029 0.625
000030 0.8125
000031 0.5
000039 0.5
000045 0.3125
000046 0.5
000049 0.6153846153846154
000058 0.375
000060 0.375
000061 0.6
000063 0.47058823529411764
000078 0.42857142857142855
000088 0.3333333333333333
000090 0.4
000099 0.5333333333333333
000100 0.7857142857142857
000156 0.5555555555555556
000157 0.4444444444444444
000159 0.4
000166 0.5454545454545454
000301 0.5384615384615384
000333 0.6923076923076923
000338 0.4666666666666667
000400 0.5
000401 0.5
000402 0.5384615384615384
000404 0.3157894736842105
000407 0.5384615384615384
000409 0.42857142857142855
000413 0.4166666666666667
000417 0.5454545454545454
000418 0.6923076923076923
000420 0.5
000421 0.5
000422 0.6363636363636364
000423 0.4166666666666667
000425 0.5
000488 0.46153846153846156
000501 0.5
000507 0.6153846153846154
000509 0.6
000521 0.7333333333333333
000525 0.5
000528 0.6153846153846154
000531 0.4666666666666667
000532 0.6
000533 0.46153846153846156
000538 0.6
000539 0.5714285714285714
000541 0.8
000543 0.5454545454545454
000544 0.5
000547 0.3125
000550 0.4166666666666667
000552 0.42105263157894735
000554 0.5333333333333333
000559 0.6875
000560 0.8888888888888888
000561 0.42857142857142855
000563 0.5714285714285714
000568 0.5
000570 0.6666666666666666
000572 0.4
000581 0.7142857142857143
000582 0.6428571428571429
000585 0.7142857142857143
000589 0.5625
000592 0.6
000596 0.45454545454545453
000597 0.6428571428571429
000598 0.3333333333333333
000599 0.375
000600 0.6153846153846154
000617 0.5294117647058824
000620 0.6363636363636364
000623 0.5
000625 0.5
000627 0.6923076923076923
000629 0.38461538461538464
000631 0.75
000637 0.5
000651 0.6666666666666666
000652 0.6
000656 0.75
000661 0.5555555555555556
000667 0.35714285714285715
000671 0.5625
000680 0.46153846153846156
000681 0.5625
000685 0.75
000686 0.6666666666666666
000690 0.5
000695 0.5
000698 0.5294117647058824
000703 0.45454545454545453
000709 0.6666666666666666
000710 0.7272727272727273
000718 0.4666666666666667
000723 0.4375
000725 0.6153846153846154
000726 0.5714285714285714
000727 0.5833333333333334
000728 0.75
000729 0.5
000732 0.0
000735 0.4444444444444444
000738 0.7368421052631579
000739 0.5294117647058824
000750 0.7142857142857143
000751 0.5882352941176471
000753 0.5714285714285714
000757 0.6666666666666666
000758 0.46153846153846156
000762 0.625
000767 0.5555555555555556
000768 0.6666666666666666
000776 0.6153846153846154
000777 0.5625
000780 0.6363636363636364
000783 0.75
000788 0.2857142857142857
000789 0.5
000790 0.4444444444444444
000792 0.5454545454545454
000800 0.5789473684210527
000807 0.4666666666666667
000809 0.42857142857142855
000810 0.6923076923076923
000816 0.5833333333333334
000821 0.4666666666666667
000822 0.6
000823 0.42857142857142855
000825 0.36363636363636365
000826 0.5454545454545454
000829 0.6875
000830 0.5384615384615384
000831 0.42857142857142855
000833 0.36363636363636365
000837 0.75
000848 0.6153846153846154
000852 0.4666666666666667
000856 0.4
000860 0.4666666666666667
000861 0.5
000869 0.5833333333333334
000877 0.35714285714285715
000880 0.6875
000886 0.6
000895 0.6
000897 0.5454545454545454
000898 0.6
000900 0.7692307692307693
000903 0.5714285714285714
000918 0.5333333333333333
000919 0.6666666666666666
000921 0.6666666666666666
000926 0.631578947368421
000928 0.6666666666666666
000930 0.47058823529411764
000931 0.6875
000933 0.38461538461538464
000935 0.4
000936 0.5333333333333333
000937 0.4
000949 0.46153846153846156
000950 0.6428571428571429
000951 0.5555555555555556
000960 0.5555555555555556
000961 0.6923076923076923
000962 0.3333333333333333
000963 0.6666666666666666
000965 0.4117647058823529
000966 0.42857142857142855
000970 0.5
000973 0.5714285714285714
000975 0.5555555555555556
000983 0.5384615384615384
000988 0.4166666666666667
000993 0.5833333333333334
000997 0.5
000998 0.36363636363636365
000999 0.5833333333333334
001696 0.6666666666666666
600000 0.8333333333333334
600004 0.625
600005 0.9
600006 0.6666666666666666
600007 0.8333333333333334
600008 0.6428571428571429
600009 0.5625
600010 0.5555555555555556
600011 0.7777777777777778
600015 0.5555555555555556
600016 0.6666666666666666
600017 0.5294117647058824
600018 0.8461538461538461
600019 0.7692307692307693
600020 0.5333333333333333
600021 0.5384615384615384
600022 0.5833333333333334
600023 0.8181818181818182
600027 0.5833333333333334
600028 0.5833333333333334
600029 0.7142857142857143
600030 0.6153846153846154
600031 0.4375
600036 0.625
600037 0.4
600038 0.6666666666666666
600039 0.6363636363636364
600048 0.8
600050 0.6428571428571429
600051 0.4666666666666667
600056 0.5384615384615384
600059 0.6666666666666666
600060 0.6153846153846154
600062 0.7777777777777778
600064 0.5833333333333334
600066 0.5384615384615384
600067 0.5
600068 0.5882352941176471
600070 0.6923076923076923
600077 0.4117647058823529
600078 0.3125
600079 0.5882352941176471
600082 0.6666666666666666
600084 0.5
600085 0.6153846153846154
600088 0.42857142857142855
600089 0.6153846153846154
600095 0.6153846153846154
600100 0.6
600103 0.5384615384615384
600104 0.7777777777777778
600108 0.6153846153846154
600109 0.7142857142857143
600111 0.4666666666666667
600112 0.5714285714285714
600115 0.4666666666666667
600117 0.6
600118 0.6
600120 0.125
600121 0.5384615384615384
600123 0.47058823529411764
600125 0.5
600127 0.6153846153846154
600131 0.5
600132 0.3333333333333333
600138 0.5
600141 0.7272727272727273
600143 0.4444444444444444
600150 0.6875
600158 0.375
600159 0.6470588235294118
600160 0.6153846153846154
600161 0.5
600162 0.3333333333333333
600166 0.3076923076923077
600169 0.4
600170 0.5555555555555556
600171 0.25
600173 0.5
600175 0.6
600176 0.4666666666666667
600177 0.5833333333333334
600180 0.6
600183 0.5294117647058824
600184 0.4666666666666667
600185 0.46153846153846156
600187 0.5555555555555556
600188 0.75
600190 0.4666666666666667
600192 0.5833333333333334
600196 0.5833333333333334
600197 0.4375
600198 0.5
600199 0.36363636363636365
600200 0.4444444444444444
600201 0.5
600208 0.6
600216 0.6153846153846154
600218 0.8235294117647058
600219 0.6111111111111112
600220 0.5714285714285714
600221 0.8
600225 0.6
600227 0.5
600230 0.6153846153846154
600231 0.8
600236 0.5
600237 0.5333333333333333
600240 0.4666666666666667
600241 0.5333333333333333
600251 0.625
600252 0.45454545454545453
600255 0.42857142857142855
600256 0.5
600257 0.5625
600261 0.6666666666666666
600266 0.5
600267 0.45454545454545453
600269 0.5714285714285714
600270 0.36363636363636365
600271 0.4666666666666667
600276 0.7692307692307693
600279 0.42857142857142855
600281 0.6363636363636364
600282 0.46153846153846156
600284 0.5384615384615384
600287 0.5
600289 0.5555555555555556
600292 0.4375
600298 0.5
600299 0.45454545454545453
600300 0.5333333333333333
600303 0.4
600308 0.6666666666666666
600309 0.5625
600310 0.5555555555555556
600311 0.6
600316 0.625
600317 0.7692307692307693
600320 0.7272727272727273
600321 0.5625
600322 0.4375
600325 0.4
600326 0.7142857142857143
600327 0.4
600328 0.6
600329 0.5833333333333334
600332 0.6666666666666666
600335 0.3333333333333333
600337 0.6666666666666666
600338 0.6666666666666666
600340 0.6923076923076923
600348 0.45454545454545453
600351 0.6
600352 0.6923076923076923
600359 0.5333333333333333
600361 0.45454545454545453
600362 0.625
600369 0.6428571428571429
600371 0.45
600372 0.6153846153846154
600373 0.5384615384615384
600376 0.4
600379 0.75
600380 0.45454545454545453
600383 0.9
600387 0.36363636363636365
600389 0.6363636363636364
600390 0.7
600396 0.4
600397 0.5454545454545454
600398 0.7777777777777778
600403 0.5
600406 0.5384615384615384
600409 0.3333333333333333
600410 0.36363636363636365
600415 0.5714285714285714
600416 0.5555555555555556
600418 0.45454545454545453
600422 0.6666666666666666
600425 0.4666666666666667
600426 0.5555555555555556
600433 0.5
600435 0.46153846153846156
600436 0.6428571428571429
600439 0.3333333333333333
600449 0.5833333333333334
600456 0.4166666666666667
600458 0.5
600459 0.5333333333333333
600460 0.6363636363636364
600468 0.5384615384615384
600478 0.6666666666666666
600485 0.5
600487 0.2
600488 0.5333333333333333
600489 0.7
600496 0.6
600497 0.4666666666666667
600498 0.6666666666666666
600500 0.4
600507 0.5714285714285714
600508 0.4666666666666667
600509 0.5625
600510 0.5384615384615384
600511 0.35714285714285715
600517 0.4
600518 0.6428571428571429
600519 0.875
600521 0.7
600535 0.6
600536 0.6666666666666666
600537 0.3333333333333333
600540 0.5625
600545 0.42857142857142855
600546 0.3888888888888889
600547 0.6428571428571429
600548 0.5
600549 0.42857142857142855
600551 0.5333333333333333
600557 0.6666666666666666
600560 0.4166666666666667
600563 0.6666666666666666
600566 0.5714285714285714
600567 0.6
600569 0.4375
600570 0.5714285714285714
600577 0.5714285714285714
600578 0.5882352941176471
600580 0.5
600581 0.5789473684210527
600583 0.5
600585 0.6428571428571429
600586 0.6428571428571429
600588 0.4666666666666667
600594 0.46153846153846156
600596 0.47058823529411764
600600 0.6666666666666666
600601 0.9166666666666666
600605 0.4166666666666667
600611 0.6153846153846154
600613 0.42857142857142855
600617 0.5833333333333334
600618 0.5
600621 0.45454545454545453
600635 0.4666666666666667
600636 0.7058823529411765
600638 0.7647058823529411
600639 0.625
600640 0.5625
600642 0.5454545454545454
600648 0.6111111111111112
600651 0.375
600653 0.42857142857142855
600655 0.5294117647058824
600657 0.6
600658 0.4
600663 0.6111111111111112
600664 0.45454545454545453
600665 0.7
600673 0.5
600674 0.5454545454545454
600675 0.3333333333333333
600685 0.7
600688 0.6428571428571429
600690 0.5789473684210527
600692 0.5555555555555556
600693 0.4375
600694 0.4
600699 0.38461538461538464
600703 0.4666666666666667
600704 0.46153846153846156
600705 0.6153846153846154
600717 0.5384615384615384
600718 0.5
600720 0.6666666666666666
600723 0.46153846153846156
600724 0.75
600737 0.5294117647058824
600740 0.42857142857142855
600741 0.6363636363636364
600742 0.5333333333333333
600743 0.6666666666666666
600748 0.5
600750 0.5
600751 0.5333333333333333
600755 0.6923076923076923
600757 0.45454545454545453
600761 0.5
600765 0.5555555555555556
600770 0.42857142857142855
600773 0.6666666666666666
600776 0.5625
600780 0.7
600782 0.7142857142857143
600783 0.55
600784 0.6428571428571429
600787 0.625
600792 0.5833333333333334
600795 0.6666666666666666
600801 0.5294117647058824
600803 0.6923076923076923
600804 0.6
600805 0.5454545454545454
600808 0.6666666666666666
600809 0.7
600811 0.3333333333333333
600812 0.625
600814 0.4666666666666667
600815 0.4444444444444444
600816 0.3333333333333333
600823 0.6
600825 0.6666666666666666
600826 0.3076923076923077
600827 0.5294117647058824
600830 0.7142857142857143
600831 0.4666666666666667
600834 0.5
600835 0.5454545454545454
600837 0.6
600839 0.6
600844 0.42857142857142855
600850 0.5833333333333334
600851 0.5384615384615384
600859 0.625
600863 0.6
600864 0.6428571428571429
600867 0.75
600868 0.6428571428571429
600873 0.5833333333333334
600874 0.4666666666666667
600875 0.375
600881 0.45454545454545453
600884 0.5
600885 0.625
600887 0.5
600891 0.5
600893 0.6666666666666666
600894 0.5
600895 0.4
600917 0.9285714285714286
600966 0.6428571428571429
600970 0.375
600971 0.46153846153846156
600981 0.6153846153846154
600993 0.5294117647058824
600997 0.6666666666666666
600998 0.4166666666666667
600999 0.6428571428571429
601000 0.4
601001 0.6363636363636364
601002 0.5625
601005 0.2857142857142857
601006 0.5
601008 0.6923076923076923
601009 0.75
601010 0.9
601011 0.5
601012 0.6923076923076923
601015 0.5714285714285714
601016 0.5
601021 0.5
601028 0.6428571428571429
601069 0.8461538461538461
601088 0.625
601098 0.7272727272727273
601099 0.7857142857142857
601101 0.6
601106 0.6
601107 0.625
601111 0.5
601116 0.5384615384615384
601117 0.6153846153846154
601118 0.5833333333333334
601126 0.5333333333333333
601137 0.5555555555555556
601139 0.36363636363636365
601158 0.5833333333333334
601166 0.42857142857142855
601168 0.2631578947368421
601169 0.5833333333333334
601179 0.5714285714285714
601186 0.8333333333333334
601188 0.4666666666666667
601208 0.7142857142857143
601216 0.6666666666666666
601225 0.45454545454545453
601226 0.75
601231 0.6153846153846154
601233 0.4666666666666667
601258 0.5384615384615384
601288 0.5
601311 0.6428571428571429
601318 0.4444444444444444
601328 0.7
601333 0.6470588235294118
601336 0.6666666666666666
601369 0.5454545454545454
601377 0.8235294117647058
601390 0.7692307692307693
601398 0.625
601515 0.5
601518 0.5714285714285714
601555 0.6875
601579 0.6666666666666666
601588 0.5833333333333334
601600 0.5384615384615384
601601 0.8571428571428571
601607 0.7142857142857143
601628 0.8571428571428571
601633 0.6363636363636364
601636 0.42857142857142855
601666 0.6
601668 0.5384615384615384
601669 0.6
601677 0.4444444444444444
601678 0.6153846153846154
601688 0.5333333333333333
601699 0.5
601717 0.2727272727272727
601718 0.6666666666666666
601727 0.5
601766 0.7692307692307693
601777 0.5
601788 0.6
601798 0.5625
601800 0.625
601801 0.5333333333333333
601808 0.5384615384615384
601818 0.5
601857 0.7272727272727273
601880 0.5
601886 0.6666666666666666
601898 0.7272727272727273
601899 0.6153846153846154
601901 0.6666666666666666
601908 0.6923076923076923
601928 0.6666666666666666
601929 0.625
601933 1.0
601939 0.75
601958 0.5
601965 0.4666666666666667
601969 0.6666666666666666
601988 0.6666666666666666
601989 0.5882352941176471
601991 0.6666666666666666
601992 0.5714285714285714
601996 0.5384615384615384
601998 0.7777777777777778
601999 0.3076923076923077
603000 0.5
603001 0.42857142857142855
603002 0.6153846153846154
603005 0.46153846153846156
603009 0.4
603015 0.75
603019 0.6923076923076923
603077 0.5714285714285714
603088 0.5625
603123 0.5
603166 0.6666666666666666
603168 0.4375
603169 0.6923076923076923
603188 0.5833333333333334
603288 0.8181818181818182
603306 0.4666666666666667
603328 0.6428571428571429
603333 0.5
603366 0.1111111111111111
603399 0.5333333333333333
603555 0.6153846153846154
603606 0.7857142857142857
603698 0.5714285714285714
603699 0.5714285714285714
603766 0.5333333333333333
603828 0.6470588235294118
603889 0.5384615384615384
603899 0.4166666666666667
603988 0.8
603993 0.6666666666666666
603997 0.6428571428571429
603998 0.5384615384615384
