000001 0.6666666666666666
000002 0.6666666666666666
000006 0.6
000009 0.375
000012 0.7
000019 0.5625
000021 0.4166666666666667
000027 0.5
000028 0.6666666666666666
000029 0.625
000030 0.625
000031 0.5555555555555556
000039 0.6
000045 0.4375
000046 0.4
000049 0.6153846153846154
000058 0.5625
000060 0.5625
000061 0.5333333333333333
000063 0.5294117647058824
000078 0.42857142857142855
000088 0.3333333333333333
000099 0.5333333333333333
000100 0.6428571428571429
000156 0.6666666666666666
000157 0.6666666666666666
000159 0.6666666666666666
000166 0.6363636363636364
000301 0.5384615384615384
000333 0.5384615384615384
000338 0.6666666666666666
000400 0.5625
000401 0.4444444444444444
000402 0.5384615384615384
000404 0.631578947368421
000407 0.38461538461538464
000409 0.5
000413 0.5
000417 0.45454545454545453
000418 0.46153846153846156
000420 0.6428571428571429
000421 0.7
000422 0.5454545454545454
000423 0.4166666666666667
000425 0.75
000488 0.46153846153846156
000501 0.5833333333333334
000507 0.6153846153846154
000509 0.6666666666666666
000521 0.6
000525 0.5
000528 0.6153846153846154
000531 0.5333333333333333
000532 0.6666666666666666
000533 0.6153846153846154
000538 0.4
000539 0.42857142857142855
000541 0.6
000543 0.5454545454545454
000544 0.5714285714285714
000547 0.625
000550 0.5833333333333334
000552 0.5789473684210527
000554 0.4666666666666667
000559 0.5625
000560 0.6666666666666666
000561 0.6428571428571429
000563 0.5714285714285714
000568 0.5
000570 0.6
000572 0.5
000581 0.7142857142857143
000582 0.5714285714285714
000585 0.5714285714285714
000589 0.5625
000592 0.6
000596 0.45454545454545453
000597 0.5
000598 0.5333333333333333
000599 0.4375
000600 0.6153846153846154
000617 0.5882352941176471
000620 0.6363636363636364
000623 0.5714285714285714
000625 0.3
000627 0.6153846153846154
000629 0.5384615384615384
000631 0.5833333333333334
000637 0.5
000651 0.5833333333333334
000652 0.5
000656 0.875
000661 0.4444444444444444
000667 0.5
000671 0.5
000680 0.46153846153846156
000681 0.4375
000685 0.125
000686 0.6111111111111112
000690 0.625
000695 0.375
000698 0.6470588235294118
000703 0.6363636363636364
000709 0.6666666666666666
000710 0.36363636363636365
000718 0.6666666666666666
000723 0.3125
000725 0.8461538461538461
000726 0.5714285714285714
000727 0.6666666666666666
000728 0.6875
000729 0.5
000732 0.3333333333333333
000735 0.5555555555555556
000738 0.5789473684210527
000739 0.5294117647058824
000750 0.7142857142857143
000751 0.7058823529411765
000753 0.7142857142857143
000757 0.6
000758 0.5384615384615384
000762 0.75
000767 0.6666666666666666
000768 0.8
000776 0.46153846153846156
000777 0.625
000780 0.5454545454545454
000783 0.625
000788 0.5714285714285714
000789 0.6428571428571429
000790 0.4444444444444444
000792 0.45454545454545453
000800 0.5263157894736842
000807 0.6666666666666666
000809 0.5
000810 0.38461538461538464
000816 0.6666666666666666
000821 0.26666666666666666
000822 0.6
000823 0.5714285714285714
000825 0.6363636363636364
000826 0.6363636363636364
000829 0.625
000830 0.7692307692307693
000831 0.5714285714285714
000833 0.6363636363636364
000837 0.4375
000848 0.5384615384615384
000852 0.6
000856 0.5
000860 0.5333333333333333
000861 0.8
000869 0.4166666666666667
000877 0.5
000880 0.375
000886 0.4
000895 0.4
000897 0.45454545454545453
000898 0.5
000900 0.5384615384615384
000903 0.5714285714285714
000918 0.6666666666666666
000919 0.4444444444444444
000921 0.4444444444444444
000926 0.3684210526315789
000928 0.4666666666666667
000930 0.5294117647058824
000931 0.625
000933 0.46153846153846156
000935 0.4666666666666667
000936 0.6
000937 0.6
000949 0.6153846153846154
000950 0.5714285714285714
000951 0.5555555555555556
000960 0.7777777777777778
000961 0.7692307692307693
000962 0.5555555555555556
000963 0.6666666666666666
000965 0.5882352941176471
000966 0.7142857142857143
000970 0.5
000973 0.35714285714285715
000975 0.5555555555555556
000983 0.6153846153846154
000988 0.5
000993 0.5833333333333334
000997 0.5
000998 0.45454545454545453
000999 0.5833333333333334
001696 1.0
600000 0.5
600004 0.625
600005 0.7
600006 0.5
600007 0.75
600008 0.5714285714285714
600009 0.4375
600010 0.7777777777777778
600011 0.5555555555555556
600015 0.4444444444444444
600016 0.7777777777777778
600017 0.7647058823529411
600018 0.6923076923076923
600019 0.6923076923076923
600020 0.6
600021 0.6923076923076923
600022 0.75
600023 0.8181818181818182
600027 0.75
600028 0.6666666666666666
600029 0.7142857142857143
600030 0.8461538461538461
600031 0.6875
600036 0.625
600037 0.5
600038 0.6111111111111112
600039 0.6363636363636364
600048 0.3
600050 0.5714285714285714
600051 0.4
600056 0.6153846153846154
600059 0.6666666666666666
600060 0.7692307692307693
600062 0.5555555555555556
600064 0.75
600066 0.6923076923076923
600067 0.5714285714285714
600068 0.6470588235294118
600070 0.7692307692307693
600077 0.47058823529411764
600078 0.625
600079 0.5882352941176471
600082 0.6
600084 0.5714285714285714
600085 0.6153846153846154
600088 0.42857142857142855
600089 0.7692307692307693
600095 0.8461538461538461
600100 0.5
600103 0.5384615384615384
600104 0.6666666666666666
600108 0.6153846153846154
600109 0.7142857142857143
600111 0.6666666666666666
600112 0.2857142857142857
600115 0.6
600117 0.6666666666666666
600118 0.6666666666666666
600120 0.625
600121 0.9230769230769231
600123 0.5882352941176471
600125 0.6666666666666666
600127 0.7692307692307693
600131 0.6428571428571429
600132 0.5555555555555556
600138 0.5714285714285714
600141 0.45454545454545453
600143 0.6666666666666666
600150 0.5625
600158 0.6875
600159 0.7647058823529411
600160 0.6923076923076923
600161 0.42857142857142855
600162 0.6666666666666666
600166 0.46153846153846156
600169 0.6
600170 0.6666666666666666
600171 0.5
600173 0.6875
600175 0.5
600176 0.6666666666666666
600177 0.75
600180 0.5
600183 0.5882352941176471
600184 0.4666666666666667
600185 0.6153846153846154
600187 0.6666666666666666
600188 0.625
600190 0.8666666666666667
600192 0.5
600196 0.4166666666666667
600197 0.5
600198 0.5714285714285714
600199 0.45454545454545453
600200 0.5
600201 0.3333333333333333
600208 0.6
600216 0.6153846153846154
600218 0.8235294117647058
600219 0.6111111111111112
600220 0.6428571428571429
600221 0.8666666666666667
600225 0.7333333333333333
600227 0.5714285714285714
600230 0.8461538461538461
600231 0.6
600236 0.5
600237 0.4666666666666667
600240 0.4666666666666667
600241 0.4666666666666667
600251 0.3125
600252 0.6363636363636364
600255 0.6428571428571429
600256 0.75
600257 0.75
600261 0.4444444444444444
600266 0.6875
600267 0.7272727272727273
600269 0.8571428571428571
600270 0.36363636363636365
600271 0.5333333333333333
600276 0.5384615384615384
600279 0.5
600281 0.5454545454545454
600282 0.5384615384615384
600284 0.8461538461538461
600287 0.6666666666666666
600289 0.5555555555555556
600292 0.4375
600298 0.6666666666666666
600299 0.36363636363636365
600300 0.6
600303 0.6
600308 0.8333333333333334
600309 0.5625
600310 0.6666666666666666
600311 0.7333333333333333
600316 0.75
600317 0.7692307692307693
600320 0.6363636363636364
600321 0.625
600322 0.625
600325 0.4
600326 0.7142857142857143
600327 0.6
600328 0.6
600329 0.6666666666666666
600332 0.5
600335 0.4444444444444444
600337 0.5
600338 0.6666666666666666
600340 0.5384615384615384
600348 0.5454545454545454
600351 0.5333333333333333
600352 0.6923076923076923
600359 0.7333333333333333
600361 0.6363636363636364
600362 0.6875
600369 0.7142857142857143
600371 0.45
600372 0.7692307692307693
600373 0.6153846153846154
600376 0.5
600379 0.75
600380 0.5454545454545454
600383 0.4
600387 0.6363636363636364
600389 0.5454545454545454
600390 0.5
600396 0.5333333333333333
600397 0.6363636363636364
600398 0.6666666666666666
600403 0.7
600406 0.6923076923076923
600409 0.5
600410 0.36363636363636365
600415 0.6428571428571429
600416 0.7777777777777778
600418 0.5454545454545454
600422 0.5555555555555556
600425 0.6666666666666666
600426 0.7777777777777778
600433 0.75
600435 0.7692307692307693
600436 0.5714285714285714
600439 0.6666666666666666
600449 0.6666666666666666
600456 0.4166666666666667
600458 0.4166666666666667
600459 0.6
600460 0.5454545454545454
600468 0.6153846153846154
600478 0.4444444444444444
600485 1.0
600487 0.6
600488 0.4666666666666667
600489 0.9
600496 0.5
600497 0.5333333333333333
600498 0.3333333333333333
600500 0.4
600507 0.6428571428571429
600508 0.6666666666666666
600509 0.3125
600510 0.6153846153846154
600511 0.6428571428571429
600517 0.4
600518 0.7857142857142857
600519 0.5
600521 0.4
600535 0.4
600536 0.5333333333333333
600537 0.5
600540 0.625
600545 0.5714285714285714
600546 0.5
600547 0.5714285714285714
600548 0.5
600549 0.5714285714285714
600551 0.6666666666666666
600557 0.5833333333333334
600560 0.75
600563 0.6666666666666666
600566 0.35714285714285715
600567 0.8
600569 0.75
600570 0.5
600577 0.6428571428571429
600578 0.6470588235294118
600580 0.5714285714285714
600581 0.6842105263157895
600583 0.7
600585 0.42857142857142855
600586 0.5714285714285714
600588 0.6
600594 0.5384615384615384
600596 0.5294117647058824
600600 0.75
600601 0.75
600605 0.5
600611 0.6923076923076923
600613 0.42857142857142855
600617 0.5833333333333334
600618 0.6666666666666666
600621 0.45454545454545453
600635 0.7333333333333333
600636 0.6470588235294118
600638 0.7647058823529411
600639 0.6875
600640 0.625
600642 0.8181818181818182
600648 0.6666666666666666
600651 0.5
600653 0.7142857142857143
600655 0.5882352941176471
600657 0.6
600658 0.6
600663 0.6111111111111112
600664 0.5454545454545454
600665 0.8
600673 0.6
600674 0.6363636363636364
600675 0.75
600685 0.8
600688 0.6428571428571429
600690 0.6842105263157895
600692 0.7222222222222222
600693 0.625
600694 0.5
600699 0.38461538461538464
600703 0.6
600704 0.46153846153846156
600705 0.8461538461538461
600717 0.8461538461538461
600718 0.5
600720 0.4
600723 0.6923076923076923
600724 0.5833333333333334
600737 0.6470588235294118
600740 0.6428571428571429
600741 0.7272727272727273
600742 0.6666666666666666
600743 0.75
600748 0.75
600750 0.625
600751 0.7333333333333333
600755 0.6153846153846154
600757 0.6363636363636364
600761 0.6666666666666666
600765 0.6111111111111112
600770 0.5
600773 0.7222222222222222
600776 0.5
600780 0.7
600782 0.7142857142857143
600783 0.65
600784 0.6428571428571429
600787 0.6875
600792 0.75
600795 0.6
600801 0.5294117647058824
600803 0.6923076923076923
600804 0.6
600805 0.6363636363636364
600808 0.7777777777777778
600809 0.5
600811 0.4444444444444444
600812 0.625
600814 0.6
600815 0.5555555555555556
600816 0.6666666666666666
600823 0.6666666666666666
600825 0.6
600826 0.46153846153846156
600827 0.8235294117647058
600830 0.7142857142857143
600831 0.6
600834 0.75
600835 0.45454545454545453
600837 0.8
600839 0.5333333333333333
600844 0.2857142857142857
600850 0.4166666666666667
600851 0.46153846153846156
600859 0.5
600863 0.6
600864 0.5
600867 0.25
600868 0.7142857142857143
600873 0.5833333333333334
600874 0.6666666666666666
600875 0.75
600881 0.6363636363636364
600884 0.6428571428571429
600885 0.5
600887 0.6666666666666666
600891 0.5
600893 0.6
600894 0.6
600895 0.6
600917 0.6428571428571429
600966 0.6428571428571429
600970 0.4375
600971 0.5384615384615384
600981 0.46153846153846156
600993 0.47058823529411764
600997 0.7333333333333333
600998 0.75
600999 0.8571428571428571
601000 0.6
601001 0.7272727272727273
601002 0.625
601005 0.8571428571428571
601006 0.375
601008 0.7692307692307693
601009 0.6666666666666666
601010 0.9
601011 0.42857142857142855
601012 0.6153846153846154
601015 0.6428571428571429
601016 0.5833333333333334
601021 0.375
601028 0.7857142857142857
601069 0.9230769230769231
601088 0.625
601098 0.5454545454545454
601099 0.6428571428571429
601101 0.7
601106 0.6
601107 0.5625
601111 0.8333333333333334
601116 0.5384615384615384
601117 0.46153846153846156
601118 0.5833333333333334
601126 0.4666666666666667
601137 0.6666666666666666
601139 0.5454545454545454
601158 0.6666666666666666
601166 0.5714285714285714
601168 0.5263157894736842
601169 0.5833333333333334
601179 0.5714285714285714
601186 0.6666666666666666
601188 0.6
601208 0.6428571428571429
601216 0.5833333333333334
601225 0.7272727272727273
601226 0.5833333333333334
601231 0.5384615384615384
601233 0.6
601258 0.46153846153846156
601288 0.5
601311 0.5
601318 0.5555555555555556
601328 0.6
601333 0.5882352941176471
601336 0.6666666666666666
601369 0.5454545454545454
601377 0.7058823529411765
601390 0.6153846153846154
601398 0.25
601515 0.5
601518 0.6428571428571429
601555 0.5625
601579 0.6666666666666666
601588 0.5
601600 0.6923076923076923
601601 0.5714285714285714
601607 0.7142857142857143
601628 0.42857142857142855
601633 0.5454545454545454
601636 0.42857142857142855
601666 0.5333333333333333
601668 0.38461538461538464
601669 0.6666666666666666
601677 0.4444444444444444
601678 0.8461538461538461
601688 0.8
601699 0.5
601717 0.36363636363636365
601718 0.6666666666666666
601727 0.5625
601766 0.6923076923076923
601777 0.4166666666666667
601788 0.4666666666666667
601798 0.625
601800 0.75
601801 0.6
601808 0.6923076923076923
601818 0.6666666666666666
601857 0.7272727272727273
601880 0.6111111111111112
601886 0.5833333333333334
601898 0.5454545454545454
601899 0.7692307692307693
601901 0.7333333333333333
601908 0.5384615384615384
601928 0.8333333333333334
601929 0.375
601933 0.6666666666666666
601939 1.0
601958 0.7142857142857143
601965 0.4666666666666667
601969 0.7777777777777778
601988 0.3333333333333333
601989 0.4117647058823529
601991 0.5
601992 0.5714285714285714
601996 0.46153846153846156
601998 0.6666666666666666
601999 0.6923076923076923
603000 0.5625
603001 0.6428571428571429
603002 0.46153846153846156
603005 0.6153846153846154
603009 0.6
603015 0.6666666666666666
603019 0.3076923076923077
603077 0.6428571428571429
603088 0.6875
603123 0.6428571428571429
603166 0.8333333333333334
603168 0.5625
603169 0.46153846153846156
603188 0.6666666666666666
603288 0.7272727272727273
603306 0.6666666666666666
603328 0.5714285714285714
603333 0.5
603366 0.6666666666666666
603399 0.5333333333333333
603555 0.6153846153846154
603606 0.6428571428571429
603698 0.5714285714285714
603699 0.6428571428571429
603766 0.5333333333333333
603828 0.7058823529411765
603889 0.6923076923076923
603899 0.5
603988 0.8
603993 0.5833333333333334
603997 0.5714285714285714
603998 0.6153846153846154
