0.5242452713188026
0.4991425525995171
0.48507739517792187
0.4752572576833452
0.47494787808495875
0.4704104223718534
0.4658712571939835
0.4608816480580549
0.45870620334585155
0.4511603913668578
0.5076330449589149
0.5175890849000663
0.5086853880987746
0.4956572389127659
0.48220847760431407
0.4825876603461053
0.4657413378740111
0.4559378760403409
0.4445690472918174
0.4384839394111795
0.4284186110431313
0.43168083958180087
0.42664722010865086
0.4255622798226035
0.44024172166560394
0.4249317052078194
0.42036619416166565
0.4154065341775532
0.4098635277318636
0.4153958751621374
0.4138579267209326
0.4015971093286415
0.38641924119875687
0.3862480936116334
0.37846662689087895
0.3847697753227022
0.3735306647806645
0.37482809823723695
0.35703868753330875
0.34588119555270563
0.3464871002450269
0.34234285494019456
0.33574303057929505
0.3272283710812153
0.3323194754959825
0.37306428257786534
0.3613986941030197
0.36660347792276543
0.3481002818940865
0.33944509433898595
0.3513517508605878
0.32970959210830525
0.31374729753736075
0.3010727226410185
0.30357472539626623
0.30570337770120853
0.30682818873831214
0.3260317625251807
0.32484070134981297
0.32460590134041517
0.3324242221097501
0.3214512517639377
0.3134318845340401
0.33521758804582213
0.33697181729508785
0.3186365175186619
0.3561682850716828
0.35607651027857345
0.34622610520247227
0.3440111081688934
0.36951860132266107
0.37374535344020005
0.35504280365623603
0.34141205139119796
0.33742946782016786
0.369321426296919
0.37199023593965147
0.36233415678136394
0.35201222434880686
0.40584777719305215
0.39528279909767683
0.3984512249487978
0.42247947804342595
0.4352599559561265
0.41961379504522134
0.39820103975677185
0.3817529220115336
0.3742917620559049
0.363340880676007
0.37751100258429643
0.3696122364156162
0.38222429853287154
0.3755231464877258
0.39196263311198337
0.3959876181122867
0.3676348549804065
0.4521074180713955
0.4309762887185313
0.45522868280712786
0.4459529427932478
0.41983865669589865
0.3985909485518047
0.3982521225853668
0.37707942977617837
0.3679342794606118
0.36945639021380833
0.367467863738895
0.3628509346749913
0.3549056610097771
0.3933303892551757
0.38963583373274535
0.41194956073458777
0.5015871374510091
0.4740673193916851
0.470961020852114
0.4841566808228332
0.5584255326993741
0.5530839414223448
0.5530643160967906
0.5744786802932126
0.5803265915619127
0.5938719711469462
0.5631306165134319
0.5788383349143051
0.5727045240481466
0.5706175860346686
0.5677306017651272
0.5725622362480312
0.5406283456068384
0.5523888093745473
0.5434223316428595
0.5619619627336658
0.5466770016658895
0.5324295180985474
0.5189657235561044
0.528140789504554
0.5192299699335249
0.6023809827075699
0.5716889846784927
0.5847121730648612
0.5753615182728282
0.5538309272337839
0.532499689950009
0.5726160676277705
0.5615318312389468
0.5457413881523828
0.552108540955089
0.5772891241171954
0.5511544752781196
0.5303878809005773
0.5328577390150279
0.5109003851323318
0.5032358323920165
0.6047526136375185
0.5958044204747059
0.5951443659729353
0.6030071831037758
0.6468788525804617
0.6585157991412512
0.6295119142988256
0.6260590301636513
0.6367269113324179
0.6159939364280265
0.6137125886994163
0.5926495362657872
0.5771119096061498
0.5944763842474315
0.5937497276587652
0.5864458216994497
0.573545463382238
0.62369257790633
0.6236876841445546
0.6579062576465015
0.6445612373843097
0.6295850190554761
0.6257316676666395
0.6086290428002663
0.5991292623491927
0.5919021314678681
0.5954389134507736
0.5869507506561038
0.5884622191533682
0.5753597585297087
0.5960043272921027
0.576950918250703
0.6000190219850764
0.5752656374124683
0.5620819772138401
0.5787446495429622
0.5580804386955898
0.5313082265476715
0.5237190243313926
0.6074345291765318
0.6091261618494282
0.5935523180006568
0.5737203818474949
0.5548109533114781
0.5506724900197253
0.5421621209429359
0.5296380627406864
