000001 0.6666666666666666
000002 0.4444444444444444
000006 0.3
000009 0.25
000012 0.6
000019 0.625
000021 0.4166666666666667
000027 0.2857142857142857
000028 0.75
000029 0.4375
000030 0.5
000031 0.5
000039 0.6
000045 0.5
000046 0.4
000049 0.5384615384615384
000058 0.375
000060 0.375
000061 0.6
000063 0.5882352941176471
000078 0.35714285714285715
000088 0.16666666666666666
000099 0.6
000100 0.6428571428571429
000156 0.7777777777777778
000157 0.6666666666666666
000159 0.3333333333333333
000166 0.8181818181818182
000301 0.46153846153846156
000333 0.8461538461538461
000338 0.8
000400 0.5625
000401 0.3888888888888889
000402 0.6923076923076923
000404 0.5263157894736842
000407 0.3076923076923077
000409 0.42857142857142855
000413 0.3333333333333333
000417 0.2727272727272727
000418 0.5384615384615384
000420 0.5714285714285714
000421 0.6
000422 0.5454545454545454
000423 0.5833333333333334
000425 0.5
000488 0.38461538461538464
000501 0.4166666666666667
000507 0.3076923076923077
000509 0.4666666666666667
000521 0.6666666666666666
000525 0.7
000528 0.5384615384615384
000531 0.3333333333333333
000532 0.5333333333333333
000533 0.5384615384615384
000538 0.6
000539 0.42857142857142855
000541 0.5
000543 0.5454545454545454
000544 0.5
000547 0.375
000550 0.4166666666666667
000552 0.5789473684210527
000554 0.4
000559 0.5625
000560 0.5555555555555556
000561 0.35714285714285715
000563 0.5
000568 0.6666666666666666
000570 0.5333333333333333
000572 0.4
000581 0.6428571428571429
000582 0.5714285714285714
000585 0.42857142857142855
000589 0.5
000592 0.6
000596 0.6363636363636364
000597 0.6428571428571429
000598 0.6
000599 0.375
000600 0.46153846153846156
000617 0.5294117647058824
000620 0.2727272727272727
000623 0.6428571428571429
000625 0.4
000627 0.6153846153846154
000629 0.38461538461538464
000631 0.5833333333333334
000637 0.5833333333333334
000651 0.6666666666666666
000652 0.5
000656 0.5
000661 0.3333333333333333
000667 0.2857142857142857
000671 0.0
000680 0.46153846153846156
000681 0.3125
000685 0.625
000686 0.6111111111111112
000690 0.25
000695 0.375
000698 0.47058823529411764
000703 0.5454545454545454
000709 0.6666666666666666
000710 0.36363636363636365
000718 0.4666666666666667
000723 0.4375
000725 0.6923076923076923
000726 0.5
000727 0.5833333333333334
000728 0.8125
000729 0.6428571428571429
000732 0.0
000735 0.4444444444444444
000738 0.5263157894736842
000739 0.6470588235294118
000750 0.6428571428571429
000751 0.7058823529411765
000753 0.2857142857142857
000757 0.5333333333333333
000758 0.46153846153846156
000762 0.625
000767 0.5555555555555556
000768 0.4
000776 0.5384615384615384
000777 0.4375
000780 0.6363636363636364
000783 0.75
000788 0.14285714285714285
000789 0.35714285714285715
000790 0.4444444444444444
000792 0.6363636363636364
000800 0.47368421052631576
000807 0.4666666666666667
000809 0.42857142857142855
000810 0.5384615384615384
000816 0.5
000821 0.4
000822 0.5
000823 0.5714285714285714
000825 0.5454545454545454
000826 0.36363636363636365
000829 0.625
000830 0.6153846153846154
000831 0.35714285714285715
000833 0.18181818181818182
000837 0.5625
000848 0.5384615384615384
000852 0.6
000856 0.7
000860 0.5333333333333333
000861 0.0
000869 0.5
000877 0.35714285714285715
000880 0.4375
000886 0.5
000895 0.7
000897 0.5454545454545454
000898 0.6
000900 0.6153846153846154
000903 0.14285714285714285
000918 0.4
000919 0.3333333333333333
000921 0.3333333333333333
000926 0.5789473684210527
000928 0.4666666666666667
000930 0.5294117647058824
000931 0.625
000933 0.6153846153846154
000935 0.6
000936 0.3333333333333333
000937 0.4666666666666667
000949 0.15384615384615385
000950 0.6428571428571429
000951 0.5555555555555556
000960 0.5555555555555556
000961 0.6153846153846154
000962 0.4444444444444444
000963 0.6666666666666666
000965 0.47058823529411764
000966 0.5714285714285714
000970 0.5833333333333334
000973 0.35714285714285715
000975 0.5555555555555556
000983 0.6923076923076923
000988 0.3333333333333333
000993 0.25
000997 0.5
000998 0.18181818181818182
000999 0.6666666666666666
001696 0.3333333333333333
600000 0.5833333333333334
600004 0.5
600005 0.6
600006 0.5555555555555556
600007 0.75
600008 0.5
600009 0.5625
600010 0.5555555555555556
600011 0.6666666666666666
600015 0.6666666666666666
600016 0.5555555555555556
600017 0.5882352941176471
600018 0.6923076923076923
600019 0.6153846153846154
600020 0.4
600021 0.46153846153846156
600022 0.3333333333333333
600023 0.7272727272727273
600027 0.6666666666666666
600028 0.9166666666666666
600029 0.6428571428571429
600030 0.6923076923076923
600031 0.6875
600036 0.0
600037 0.6
600038 0.3888888888888889
600039 0.6363636363636364
600048 0.7
600050 0.5
600051 0.5333333333333333
600056 0.46153846153846156
600059 0.6666666666666666
600060 0.6153846153846154
600062 0.4444444444444444
600064 0.5833333333333334
600066 0.6153846153846154
600067 0.5
600068 0.7058823529411765
600070 0.6153846153846154
600077 0.29411764705882354
600078 0.4375
600079 0.5294117647058824
600082 0.6666666666666666
600084 0.42857142857142855
600085 0.46153846153846156
600088 0.5
600089 0.6923076923076923
600095 0.38461538461538464
600100 0.6
600103 0.3076923076923077
600104 0.5555555555555556
600108 0.46153846153846156
600109 0.5714285714285714
600111 0.6
600112 0.5
600115 0.4
600117 0.6
600118 0.4666666666666667
600120 0.5
600121 0.6923076923076923
600123 0.7647058823529411
600125 0.5555555555555556
600127 0.3076923076923077
600131 0.5
600132 0.4444444444444444
600138 0.42857142857142855
600141 0.5454545454545454
600143 0.4444444444444444
600150 0.375
600158 0.5
600159 0.6470588235294118
600160 0.46153846153846156
600161 0.35714285714285715
600162 0.16666666666666666
600166 0.6153846153846154
600169 0.5333333333333333
600170 0.5
600171 0.375
600173 0.5625
600175 0.6
600176 0.2
600177 0.5833333333333334
600180 0.3
600183 0.5294117647058824
600184 0.3333333333333333
600185 0.5384615384615384
600187 0.5555555555555556
600188 0.625
600190 0.4666666666666667
600192 0.4166666666666667
600196 0.6666666666666666
600197 0.625
600198 0.35714285714285715
600199 0.45454545454545453
600200 0.5
600201 0.5
600208 0.3
600216 0.6153846153846154
600218 0.4117647058823529
600219 0.5
600220 0.42857142857142855
600221 0.6666666666666666
600225 0.4
600227 0.35714285714285715
600230 0.5384615384615384
600231 0.4
600236 0.42857142857142855
600237 0.3333333333333333
600240 0.4666666666666667
600241 0.5333333333333333
600251 0.4375
600252 0.6363636363636364
600255 0.6428571428571429
600256 0.6666666666666666
600257 0.375
600261 0.4444444444444444
600266 0.75
600267 0.6363636363636364
600269 0.6428571428571429
600270 0.45454545454545453
600271 0.6
600276 0.5384615384615384
600279 0.6428571428571429
600281 0.45454545454545453
600282 0.5384615384615384
600284 0.46153846153846156
600287 0.25
600289 0.3333333333333333
600292 0.5
600298 0.75
600299 0.6363636363636364
600300 0.4666666666666667
600303 0.4666666666666667
600308 0.6666666666666666
600309 0.5625
600310 0.6666666666666666
600311 0.5333333333333333
600316 0.4375
600317 0.6153846153846154
600320 0.36363636363636365
600321 0.25
600322 0.5
600325 0.2
600326 0.5714285714285714
600327 0.4666666666666667
600328 0.4666666666666667
600329 0.6666666666666666
600332 0.3333333333333333
600335 0.3333333333333333
600337 0.3333333333333333
600338 0.6
600340 0.46153846153846156
600348 0.7272727272727273
600351 0.7333333333333333
600352 0.6923076923076923
600359 0.3333333333333333
600361 0.7272727272727273
600362 0.6875
600369 0.42857142857142855
600371 0.45
600372 0.46153846153846156
600373 0.6153846153846154
600376 0.5
600379 0.3333333333333333
600380 0.36363636363636365
600383 0.4
600387 0.45454545454545453
600389 0.45454545454545453
600390 0.3
600396 0.6
600397 0.36363636363636365
600398 0.6666666666666666
600403 0.4
600406 0.5384615384615384
600409 0.16666666666666666
600410 0.2727272727272727
600415 0.5
600416 0.4444444444444444
600418 0.45454545454545453
600422 0.7222222222222222
600425 0.6
600426 0.4444444444444444
600433 0.375
600435 0.6153846153846154
600436 0.7142857142857143
600439 0.4166666666666667
600449 0.5
600456 0.5
600458 0.4166666666666667
600459 0.4666666666666667
600460 0.5454545454545454
600468 0.38461538461538464
600478 0.3333333333333333
600485 0.0
600487 0.6
600488 0.6
600489 0.9
600496 0.5
600497 0.5333333333333333
600498 0.2222222222222222
600500 0.3
600507 0.5714285714285714
600508 0.5333333333333333
600509 0.5625
600510 0.46153846153846156
600511 0.42857142857142855
600517 0.4
600518 0.6428571428571429
600519 0.0
600521 0.6
600535 0.7
600536 0.4666666666666667
600537 0.3333333333333333
600540 0.375
600545 0.2857142857142857
600546 0.7222222222222222
600547 0.6428571428571429
600548 0.6666666666666666
600549 0.7142857142857143
600551 0.6
600557 0.5
600560 0.5
600563 0.3333333333333333
600566 0.42857142857142855
600567 0.4
600569 0.5
600570 0.5
600577 0.5714285714285714
600578 0.5882352941176471
600580 0.42857142857142855
600581 0.5263157894736842
600583 0.6
600585 0.8571428571428571
600586 0.5714285714285714
600588 0.6
600594 0.5384615384615384
600596 0.7058823529411765
600600 0.75
600601 0.5
600605 0.5833333333333334
600611 0.38461538461538464
600613 0.35714285714285715
600617 0.5
600618 0.5
600621 0.5454545454545454
600635 0.26666666666666666
600636 0.47058823529411764
600638 0.47058823529411764
600639 0.375
600640 0.4375
600642 0.5454545454545454
600648 0.2222222222222222
600651 0.375
600653 0.2857142857142857
600655 0.5294117647058824
600657 0.5
600658 0.6666666666666666
600663 0.3333333333333333
600664 0.45454545454545453
600665 0.3
600673 0.4
600674 0.45454545454545453
600675 0.16666666666666666
600685 0.3
600688 0.5714285714285714
600690 0.7368421052631579
600692 0.5
600693 0.625
600694 0.5
600699 0.3076923076923077
600703 0.6
600704 0.46153846153846156
600705 0.6153846153846154
600717 0.5384615384615384
600718 0.6875
600720 0.4
600723 0.3076923076923077
600724 0.3333333333333333
600737 0.35294117647058826
600740 0.42857142857142855
600741 0.5454545454545454
600742 0.5333333333333333
600743 0.3333333333333333
600748 0.25
600750 0.6875
600751 0.4666666666666667
600755 0.5384615384615384
600757 0.45454545454545453
600761 0.25
600765 0.6666666666666666
600770 0.5
600773 0.5
600776 0.5625
600780 0.5
600782 0.5
600783 0.3
600784 0.2857142857142857
600787 0.4375
600792 0.4166666666666667
600795 0.8
600801 0.6470588235294118
600803 0.46153846153846156
600804 0.5
600805 0.45454545454545453
600808 0.2222222222222222
600809 0.6
600811 0.5555555555555556
600812 0.625
600814 0.4666666666666667
600815 0.3333333333333333
600816 0.5
600823 0.26666666666666666
600825 0.6
600826 0.38461538461538464
600827 0.47058823529411764
600830 0.5714285714285714
600831 0.5333333333333333
600834 0.375
600835 0.36363636363636365
600837 0.5
600839 0.4
600844 0.6428571428571429
600850 0.4166666666666667
600851 0.5384615384615384
600859 0.625
600863 0.6666666666666666
600864 0.5
600867 0.5
600868 0.2857142857142857
600873 0.6666666666666666
600874 0.5333333333333333
600875 0.625
600881 0.45454545454545453
600884 0.35714285714285715
600885 0.25
600887 0.75
600891 0.375
600893 0.5333333333333333
600894 0.3
600895 0.4
600917 0.5
600966 0.7142857142857143
600970 0.5
600971 0.46153846153846156
600981 0.38461538461538464
600993 0.5294117647058824
600997 0.5333333333333333
600998 0.75
600999 0.42857142857142855
601000 0.6
601001 0.6363636363636364
601002 0.5625
601005 0.14285714285714285
601006 0.625
601008 0.46153846153846156
601009 0.5833333333333334
601010 0.4
601011 0.5
601012 0.46153846153846156
601015 0.35714285714285715
601016 0.3333333333333333
601021 1.0
601028 0.5
601069 0.6923076923076923
601088 0.625
601098 0.45454545454545453
601099 0.7142857142857143
601101 0.5
601106 0.4
601107 0.6875
601111 0.5
601116 0.6153846153846154
601117 0.7692307692307693
601118 0.75
601126 0.6666666666666666
601137 0.3333333333333333
601139 0.45454545454545453
601158 0.5
601166 0.8571428571428571
601168 0.47368421052631576
601169 0.75
601179 0.6428571428571429
601186 0.6666666666666666
601188 0.26666666666666666
601208 0.5714285714285714
601216 0.5
601225 0.6363636363636364
601226 0.5
601231 0.6153846153846154
601233 0.4666666666666667
601258 0.6153846153846154
601288 0.5
601311 0.5714285714285714
601318 0.4444444444444444
601328 0.7
601333 0.5882352941176471
601336 0.4166666666666667
601369 0.36363636363636365
601377 0.6470588235294118
601390 0.6923076923076923
601398 0.0
601515 0.4
601518 0.5
601555 0.5625
601579 0.6666666666666666
601588 0.5833333333333334
601600 0.6923076923076923
601601 0.5714285714285714
601607 0.5714285714285714
601628 0.7142857142857143
601633 0.45454545454545453
601636 0.14285714285714285
601666 0.3333333333333333
601668 0.7692307692307693
601669 0.7333333333333333
601677 0.6666666666666666
601678 0.6923076923076923
601688 0.4666666666666667
601699 0.6875
601717 0.36363636363636365
601718 0.4666666666666667
601727 0.5625
601766 0.7692307692307693
601777 0.4166666666666667
601788 0.7333333333333333
601798 0.5
601800 0.875
601801 0.4
601808 0.6153846153846154
601818 0.6666666666666666
601857 0.8181818181818182
601880 0.5555555555555556
601886 0.5
601898 0.6363636363636364
601899 0.6923076923076923
601901 0.7333333333333333
601908 0.38461538461538464
601928 0.6666666666666666
601929 0.75
601933 0.6666666666666666
601939 0.0
601958 0.5714285714285714
601965 0.4666666666666667
601969 0.5555555555555556
601988 0.3333333333333333
601989 0.47058823529411764
601991 0.75
601992 0.6428571428571429
601996 0.46153846153846156
601998 0.4444444444444444
601999 0.5384615384615384
603000 0.5625
603001 0.42857142857142855
603002 0.5384615384615384
603005 0.5384615384615384
603009 0.4
603015 0.5833333333333334
603019 0.6923076923076923
603077 0.42857142857142855
603088 0.3125
603123 0.5714285714285714
603166 0.4166666666666667
603168 0.5
603169 0.23076923076923078
603188 0.6666666666666666
603288 0.6363636363636364
603306 0.4
603328 0.5
603333 0.5
603366 0.3333333333333333
603399 0.4
603555 0.3076923076923077
603606 0.42857142857142855
603698 0.21428571428571427
603699 0.5714285714285714
603766 0.4
603828 0.5882352941176471
603889 0.6923076923076923
603899 0.4166666666666667
603988 0.4
603993 0.6666666666666666
603997 0.5714285714285714
603998 0.46153846153846156
