000001 0.4444444444444444
000002 0.4444444444444444
000006 0.3
000009 0.125
000012 0.4
000019 0.5
000021 0.5
000027 0.2857142857142857
000028 0.5
000029 0.625
000030 0.3125
000031 0.3888888888888889
000039 0.3
000045 0.375
000046 0.5
000049 0.3076923076923077
000058 0.5
000060 0.4375
000061 0.3333333333333333
000063 0.35294117647058826
000078 0.42857142857142855
000088 0.6666666666666666
000099 0.3333333333333333
000100 0.6428571428571429
000156 0.4444444444444444
000157 0.6666666666666666
000159 0.4
000166 0.5454545454545454
000301 0.46153846153846156
000333 0.23076923076923078
000338 0.6
000400 0.125
000401 0.2777777777777778
000402 0.46153846153846156
000404 0.3157894736842105
000407 0.3076923076923077
000409 0.42857142857142855
000413 0.3333333333333333
000417 0.18181818181818182
000418 0.38461538461538464
000420 0.35714285714285715
000421 0.4
000422 0.18181818181818182
000423 0.5833333333333334
000425 0.375
000488 0.46153846153846156
000501 0.6666666666666666
000507 0.15384615384615385
000509 0.4
000521 0.2
000525 0.4
000528 0.3076923076923077
000531 0.4
000532 0.4
000533 0.3076923076923077
000538 0.4
000539 0.5714285714285714
000541 0.3
000543 0.5454545454545454
000544 0.5
000547 0.375
000550 0.5
000552 0.42105263157894735
000554 0.4
000559 0.4375
000560 0.5555555555555556
000561 0.42857142857142855
000563 0.21428571428571427
000568 0.3333333333333333
000570 0.3333333333333333
000572 0.1
000581 0.2857142857142857
000582 0.2857142857142857
000585 0.35714285714285715
000589 0.375
000592 0.5333333333333333
000596 0.45454545454545453
000597 0.2857142857142857
000598 0.26666666666666666
000599 0.4375
000600 0.5384615384615384
000617 0.47058823529411764
000620 0.2727272727272727
000623 0.35714285714285715
000625 0.6
000627 0.3076923076923077
000629 0.38461538461538464
000631 0.3333333333333333
000637 0.3333333333333333
000651 0.5
000652 0.3
000656 0.375
000661 0.2222222222222222
000667 0.35714285714285715
000671 1.0
000680 0.23076923076923078
000681 0.4375
000685 0.375
000686 0.3888888888888889
000690 0.375
000695 0.625
000698 0.29411764705882354
000703 0.36363636363636365
000709 0.3333333333333333
000710 0.18181818181818182
000718 0.3333333333333333
000723 0.25
000725 0.6153846153846154
000726 0.35714285714285715
000727 0.5
000728 0.4375
000729 0.2857142857142857
000732 1.0
000735 0.4444444444444444
000738 0.3157894736842105
000739 0.17647058823529413
000750 0.2857142857142857
000751 0.47058823529411764
000753 0.42857142857142855
000757 0.4666666666666667
000758 0.23076923076923078
000762 0.5
000767 0.2777777777777778
000768 0.26666666666666666
000776 0.46153846153846156
000777 0.375
000780 0.5454545454545454
000783 0.375
000788 0.5714285714285714
000789 0.5
000790 0.4444444444444444
000792 0.36363636363636365
000800 0.3684210526315789
000807 0.3333333333333333
000809 0.2857142857142857
000810 0.6923076923076923
000816 0.4166666666666667
000821 0.4
000822 0.3
000823 0.21428571428571427
000825 0.36363636363636365
000826 0.36363636363636365
000829 0.3125
000830 0.23076923076923078
000831 0.35714285714285715
000833 0.36363636363636365
000837 0.3125
000848 0.23076923076923078
000852 0.3333333333333333
000856 0.4
000860 0.26666666666666666
000861 1.0
000869 0.3333333333333333
000877 0.21428571428571427
000880 0.4375
000886 0.4
000895 0.7
000897 0.45454545454545453
000898 0.7
000900 0.23076923076923078
000903 0.2857142857142857
000918 0.3333333333333333
000919 0.2222222222222222
000921 0.3333333333333333
000926 0.21052631578947367
000928 0.4
000930 0.35294117647058826
000931 0.1875
000933 0.46153846153846156
000935 0.2
000936 0.4666666666666667
000937 0.4
000949 0.38461538461538464
000950 0.35714285714285715
000951 0.4444444444444444
000960 0.2222222222222222
000961 0.38461538461538464
000962 0.1111111111111111
000963 0.6666666666666666
000965 0.4117647058823529
000966 0.42857142857142855
000970 0.5
000973 0.2857142857142857
000975 0.6666666666666666
000983 0.3076923076923077
000988 0.3333333333333333
000993 0.4166666666666667
000997 0.4166666666666667
000998 0.2727272727272727
000999 0.4166666666666667
001696 0.6666666666666666
600000 0.4166666666666667
600004 0.25
600005 0.5
600006 0.3888888888888889
600007 0.5
600008 0.35714285714285715
600009 0.25
600010 0.3333333333333333
600011 0.4444444444444444
600015 0.5555555555555556
600016 0.6666666666666666
600017 0.35294117647058826
600018 0.46153846153846156
600019 0.23076923076923078
600020 0.26666666666666666
600021 0.5384615384615384
600022 0.5833333333333334
600023 0.2727272727272727
600027 0.3333333333333333
600028 0.4166666666666667
600029 0.42857142857142855
600030 0.7692307692307693
600031 0.375
600036 1.0
600037 0.4
600038 0.2777777777777778
600039 0.45454545454545453
600048 0.4
600050 0.14285714285714285
600051 0.13333333333333333
600056 0.46153846153846156
600059 0.4444444444444444
600060 0.3076923076923077
600062 0.5555555555555556
600064 0.3333333333333333
600066 0.5384615384615384
600067 0.35714285714285715
600068 0.4117647058823529
600070 0.46153846153846156
600077 0.5882352941176471
600078 0.375
600079 0.29411764705882354
600082 0.13333333333333333
600084 0.42857142857142855
600085 0.38461538461538464
600088 0.42857142857142855
600089 0.46153846153846156
600095 0.5384615384615384
600100 0.4
600103 0.5384615384615384
600104 0.3333333333333333
600108 0.46153846153846156
600109 0.42857142857142855
600111 0.4666666666666667
600112 0.35714285714285715
600115 0.4666666666666667
600117 0.3333333333333333
600118 0.4
600120 0.75
600121 0.23076923076923078
600123 0.4117647058823529
600125 0.7222222222222222
600127 0.3076923076923077
600131 0.2857142857142857
600132 0.4444444444444444
600138 0.5714285714285714
600141 0.36363636363636365
600143 0.4444444444444444
600150 0.125
600158 0.4375
600159 0.4117647058823529
600160 0.6153846153846154
600161 0.21428571428571427
600162 0.3333333333333333
600166 0.23076923076923078
600169 0.4
600170 0.4444444444444444
600171 0.5
600173 0.4375
600175 0.5
600176 0.13333333333333333
600177 0.5833333333333334
600180 0.3
600183 0.23529411764705882
600184 0.26666666666666666
600185 0.38461538461538464
600187 0.4444444444444444
600188 0.75
600190 0.3333333333333333
600192 0.3333333333333333
600196 0.4166666666666667
600197 0.375
600198 0.2857142857142857
600199 0.5454545454545454
600200 0.5
600201 0.5
600208 0.4
600216 0.3076923076923077
600218 0.29411764705882354
600219 0.3333333333333333
600220 0.21428571428571427
600221 0.4666666666666667
600225 0.4666666666666667
600227 0.35714285714285715
600230 0.38461538461538464
600231 0.4
600236 0.14285714285714285
600237 0.4
600240 0.4
600241 0.4666666666666667
600251 0.25
600252 0.6363636363636364
600255 0.2857142857142857
600256 0.5
600257 0.4375
600261 0.3333333333333333
600266 0.375
600267 0.36363636363636365
600269 0.42857142857142855
600270 0.18181818181818182
600271 0.4
600276 0.46153846153846156
600279 0.2857142857142857
600281 0.45454545454545453
600282 0.5384615384615384
600284 0.46153846153846156
600287 0.25
600289 0.2222222222222222
600292 0.25
600298 0.3333333333333333
600299 0.8181818181818182
600300 0.26666666666666666
600303 0.3333333333333333
600308 0.3333333333333333
600309 0.625
600310 0.3333333333333333
600311 0.4
600316 0.25
600317 0.38461538461538464
600320 0.09090909090909091
600321 0.375
600322 0.3125
600325 0.5
600326 0.5
600327 0.4
600328 0.4666666666666667
600329 0.25
600332 0.3333333333333333
600335 0.3333333333333333
600337 0.6666666666666666
600338 0.4
600340 0.3076923076923077
600348 0.45454545454545453
600351 0.5333333333333333
600352 0.23076923076923078
600359 0.26666666666666666
600361 0.45454545454545453
600362 0.5
600369 0.5714285714285714
600371 0.3
600372 0.5384615384615384
600373 0.38461538461538464
600376 0.5
600379 0.4166666666666667
600380 0.2727272727272727
600383 0.3
600387 0.09090909090909091
600389 0.36363636363636365
600390 0.2
600396 0.4
600397 0.09090909090909091
600398 0.4444444444444444
600403 0.2
600406 0.46153846153846156
600409 0.3333333333333333
600410 0.45454545454545453
600415 0.42857142857142855
600416 0.6666666666666666
600418 0.2727272727272727
600422 0.3888888888888889
600425 0.3333333333333333
600426 0.3333333333333333
600433 0.25
600435 0.3076923076923077
600436 0.35714285714285715
600439 0.16666666666666666
600449 0.3333333333333333
600456 0.3333333333333333
600458 0.4166666666666667
600459 0.2
600460 0.18181818181818182
600468 0.5384615384615384
600478 0.1111111111111111
600485 0.5
600487 0.7
600488 0.4
600489 0.2
600496 0.5
600497 0.26666666666666666
600498 0.4444444444444444
600500 0.3
600507 0.21428571428571427
600508 0.4
600509 0.3125
600510 0.38461538461538464
600511 0.21428571428571427
600517 0.3333333333333333
600518 0.42857142857142855
600519 1.0
600521 0.4
600535 0.4
600536 0.26666666666666666
600537 0.25
600540 0.375
600545 0.35714285714285715
600546 0.4444444444444444
600547 0.42857142857142855
600548 0.6666666666666666
600549 0.2857142857142857
600551 0.3333333333333333
600557 0.25
600560 0.4166666666666667
600563 0.16666666666666666
600566 0.5714285714285714
600567 0.4
600569 0.3125
600570 0.6428571428571429
600577 0.35714285714285715
600578 0.5294117647058824
600580 0.2857142857142857
600581 0.47368421052631576
600583 0.5
600585 0.5
600586 0.2857142857142857
600588 0.6666666666666666
600594 0.46153846153846156
600596 0.4117647058823529
600600 0.4166666666666667
600601 0.25
600605 0.3333333333333333
600611 0.38461538461538464
600613 0.5
600617 0.3333333333333333
600618 0.25
600621 0.5454545454545454
600635 0.2
600636 0.35294117647058826
600638 0.5294117647058824
600639 0.3125
600640 0.4375
600642 0.45454545454545453
600648 0.2777777777777778
600651 0.4375
600653 0.5714285714285714
600655 0.4117647058823529
600657 0.3
600658 0.4
600663 0.3333333333333333
600664 0.5454545454545454
600665 0.6
600673 0.4
600674 0.09090909090909091
600675 0.3333333333333333
600685 0.1
600688 0.2857142857142857
600690 0.42105263157894735
600692 0.2222222222222222
600693 0.3125
600694 0.5
600699 0.3076923076923077
600703 0.4
600704 0.3076923076923077
600705 0.6153846153846154
600717 0.46153846153846156
600718 0.375
600720 0.3333333333333333
600723 0.3076923076923077
600724 0.6666666666666666
600737 0.17647058823529413
600740 0.42857142857142855
600741 0.09090909090909091
600742 0.3333333333333333
600743 0.25
600748 0.3333333333333333
600750 0.25
600751 0.2
600755 0.23076923076923078
600757 0.36363636363636365
600761 0.25
600765 0.4444444444444444
600770 0.42857142857142855
600773 0.3333333333333333
600776 0.5
600780 0.5
600782 0.5714285714285714
600783 0.3
600784 0.35714285714285715
600787 0.3125
600792 0.25
600795 0.3333333333333333
600801 0.4117647058823529
600803 0.3076923076923077
600804 0.7
600805 0.36363636363636365
600808 0.3333333333333333
600809 0.5
600811 0.3333333333333333
600812 0.5
600814 0.3333333333333333
600815 0.3888888888888889
600816 0.5
600823 0.4
600825 0.3333333333333333
600826 0.5384615384615384
600827 0.4117647058823529
600830 0.35714285714285715
600831 0.6
600834 0.3125
600835 0.45454545454545453
600837 0.5
600839 0.4666666666666667
600844 0.42857142857142855
600850 0.3333333333333333
600851 0.5384615384615384
600859 0.375
600863 0.4
600864 0.35714285714285715
600867 0.25
600868 0.42857142857142855
600873 0.4166666666666667
600874 0.3333333333333333
600875 0.375
600881 0.45454545454545453
600884 0.2857142857142857
600885 0.5
600887 0.4166666666666667
600891 0.5
600893 0.2
600894 0.2
600895 0.3
600917 0.21428571428571427
600966 0.35714285714285715
600970 0.25
600971 0.3076923076923077
600981 0.46153846153846156
600993 0.29411764705882354
600997 0.3333333333333333
600998 0.4166666666666667
600999 0.5
601000 0.4
601001 0.36363636363636365
601002 0.375
601005 0.2857142857142857
601006 0.5
601008 0.23076923076923078
601009 0.5833333333333334
601010 0.4
601011 0.35714285714285715
601012 0.23076923076923078
601015 0.14285714285714285
601016 0.4166666666666667
601021 0.0
601028 0.2857142857142857
601069 0.3076923076923077
601088 0.25
601098 0.36363636363636365
601099 0.35714285714285715
601101 0.3
601106 0.3333333333333333
601107 0.3125
601111 1.0
601116 0.46153846153846156
601117 0.23076923076923078
601118 0.5
601126 0.5333333333333333
601137 0.4444444444444444
601139 0.2727272727272727
601158 0.3333333333333333
601166 0.42857142857142855
601168 0.2631578947368421
601169 0.5833333333333334
601179 0.2857142857142857
601186 0.3333333333333333
601188 0.06666666666666667
601208 0.35714285714285715
601216 0.3333333333333333
601225 0.45454545454545453
601226 0.0
601231 0.15384615384615385
601233 0.2
601258 0.15384615384615385
601288 0.625
601311 0.42857142857142855
601318 0.4444444444444444
601328 0.4
601333 0.35294117647058826
601336 0.3333333333333333
601369 0.2727272727272727
601377 0.47058823529411764
601390 0.23076923076923078
601398 1.0
601515 0.6
601518 0.14285714285714285
601555 0.5
601579 0.5
601588 0.4166666666666667
601600 0.3076923076923077
601601 0.5714285714285714
601607 0.5
601628 0.5714285714285714
601633 0.45454545454545453
601636 0.5714285714285714
601666 0.26666666666666666
601668 0.23076923076923078
601669 0.3333333333333333
601677 0.2222222222222222
601678 0.38461538461538464
601688 0.4666666666666667
601699 0.5625
601717 0.18181818181818182
601718 0.5333333333333333
601727 0.3125
601766 0.46153846153846156
601777 0.25
601788 0.4
601798 0.25
601800 0.5
601801 0.4666666666666667
601808 0.3076923076923077
601818 0.3333333333333333
601857 0.5454545454545454
601880 0.2222222222222222
601886 0.3333333333333333
601898 0.2727272727272727
601899 0.23076923076923078
601901 0.4666666666666667
601908 0.46153846153846156
601928 0.4166666666666667
601929 0.625
601933 0.4444444444444444
601939 0.5
601958 0.35714285714285715
601965 0.26666666666666666
601969 0.4444444444444444
601988 0.6666666666666666
601989 0.23529411764705882
601991 0.3333333333333333
601992 0.42857142857142855
601996 0.46153846153846156
601998 0.3333333333333333
601999 0.23076923076923078
603000 0.3125
603001 0.5
603002 0.3076923076923077
603005 0.38461538461538464
603009 0.2
603015 0.3333333333333333
603019 0.38461538461538464
603077 0.42857142857142855
603088 0.375
603123 0.42857142857142855
603166 0.3333333333333333
603168 0.375
603169 0.15384615384615385
603188 0.3333333333333333
603288 0.36363636363636365
603306 0.26666666666666666
603328 0.2857142857142857
603333 0.25
603366 0.4444444444444444
603399 0.26666666666666666
603555 0.6153846153846154
603606 0.35714285714285715
603698 0.21428571428571427
603699 0.35714285714285715
603766 0.4666666666666667
603828 0.23529411764705882
603889 0.46153846153846156
603899 0.25
603988 0.1
603993 0.5833333333333334
603997 0.21428571428571427
603998 0.6153846153846154
